cuda_device : 0
eos_m_token : EOS_M
beam_len_bonus : 0.5
mode : test
m : TSD
prev_z_method : separate
dataset : camrest
exp_setting : cross
seed : 0
vocab_size : 1600
embedding_size : 300
hidden_size : 50
split : (3, 1, 1)
lr : 0.003
lr_decay : 0.5
vocab_path : ./vocab/vocab-camrest.pkl
fasttext_path : ./data/fasttext/wiki.multi.id.vec
vocab_data_path : ./data/CamRest676/bi/IndoCamRest676_bi.json
vocab_db_path : ./data/CamRest676/bi/kb_indo_bi.json
data : ./data/CamRest676/IndoCamRest/IndoCamRest676.json
entity : ./data/CamRest676/IndoCamRest/ontology_indo.json
db : ./data/CamRest676/IndoCamRest/KB_indo.json
batch_size : 32
z_length : 8
degree_size : 5
layer_num : 1
dropout_rate : 0.5
epoch_num : 100
rl_epoch_num : 1
cuda : False
spv_proportion : 100
max_ts : 40
early_stop_count : 3
new_vocab : True
model_path : ./models/camrest.pkl
result_path : ./results/camrest-rl.csv
teacher_force : 100
beam_search : False
beam_size : 10
sampling : False
use_positional_embedding : False
unfrz_attn_epoch : 0
skip_unsup : False
truncated : False
pretrain : False
START_CSV_SECTION
dial_id,turn_num,user,generated_bspan,bspan,generated_response,response,u_len,m_len,supervised
632,0,saya mencari sebuah restoran di kisaran harga yang menengah di bagian timur kota,bagian EOS_Z1,menengah timur EOS_Z1,there are no bagian restaurants in the city .,"bagaimana dengan name_SLOT , mereka berada di kisaran harga yang menengah di bagian timur kota",14,16,True
578,0,saya sedang mencari restoran thailand-area manapun tidak masalah .,tidak EOS_Z1,thailand tidak peduli EOS_Z1,there are no tidak restaurants in the city .,name_SLOT adalah restoran thailand pricerange_SLOT di bagian area_SLOT dari kota .,10,12,True
654,0,saya mencari sebuah restoran dengan harga yang menengah di bagian selatan kota . makanan jenis apapun tidak apa apa bagi saya ; saya hanya ingin tahu nomor telepon dari tempat yang kamu temukan .,moderate EOS_Z1,tidak peduli menengah selatan EOS_Z1 phone,there are no restaurants in the moderate price range .,nomor telepon name_SLOT adalah phone_SLOT .,35,7,True
649,0,saya mencari alamat dan rentang harga dari penyajian restoran makanan cina di bagian selatan di kota .,di EOS_Z1,cina selatan EOS_Z1 address pricerange,there are no di restaurants in the city .,name_SLOT adalah sebuah restoran cina yang berlokasi di bagian selatan dari kota dengan rentang harga pricerange_SLOT . alamat mereka adalah address_SLOT .,18,23,True
628,0,"halo , saya sedang mencari restoran dengan harga yang menengah dan menyediakan makanan pub gastronomi .",pub EOS_Z1,pub gastronomi menengah EOS_Z1,there are no pub restaurants in the city .,name_SLOT menyediakan makanan pub gastronomi dan berada di rentang harga menengah .,17,13,True
591,0,"halo , saya mencari sebuah restoran mahal yang menyediakan makanan irlandia .",makanan EOS_Z1,irlandia mahal EOS_Z1,there are no makanan restaurants . would you like their location ?,"maafkan saya , tidak ada restoran yang sesuai dengan permintaanmu . apakah kamu ingin mencoba hal yang lain ?",13,20,True
549,0,saya ingin sebuah restoran yang berada di bagian utara kota yang menyediakan makanan perancis,menyediakan EOS_Z1,perancis utara EOS_Z1,there are no menyediakan restaurants in the city .,terdapat name_SLOT di bagian utara dari kota yang menyediakan makanan perancis .,15,13,True
566,0,"saya ingin mengunjungi restoran yang mahal di bagian selatan dari kota . saya membutuhkan alamat , nomor telepon , dan tipe dari makanannya .",moderate EOS_Z1,mahal selatan EOS_Z1 address phone phone,there are no restaurants in the moderate price range .,"terdapat 5 restoran mahal yang tersedia di bagian selatan dari kota . restoran food_SLOT , food_SLOT , food_SLOT dan dua food_SLOT tersedia . tipe makanan macam apa yang anda inginkan ?",25,32,True
648,0,"saya ingin sebuah restoran yang menyediakan makanan dunia . itu akan menjadi restoran yang sangat bagus , dan tidak apa apa jika itu mahal .",moderate EOS_Z1,dunia tidak peduli EOS_Z1,there are no restaurants in the moderate price range .,tidak ada restoran yang cocok,26,6,True
636,0,saya mencari tempat yang memiliki makanan cina .,makanan EOS_Z1,cina EOS_Z1,there are no makanan restaurants . would you like to try something else ?,"terdapat 17 restoran cina , apakah anda memiliki preferensi rentang harga atau area di kota ?",9,17,True
665,0,saya sedang mencari restoran murah di bagian timur kota .,timur EOS_Z1,murah timur EOS_Z1,there are no timur restaurants in the city .,name_SLOT adalah sebuah restoran food_SLOT yang murah di sisi timur . apakah kamu ingin alamat atau nomor teleponnya ?,11,20,True
613,0,saya mencari sebuah restoran dengan harga yang menengah dan di bagian utara kota .,utara EOS_Z1,menengah utara EOS_Z1,there are no utara restaurants in the city .,terdapat dua restoran dengan harga yang menengah di bagian utara kota . satu khas di masakan food_SLOT dan yang lainnya adalah restoran food_SLOT .,15,25,True
609,0,apakah ada restoran lebanon di kota ?,di EOS_Z1,lebanon EOS_Z1,there are no di restaurants in the area_SLOT .,name_SLOT adalah tempat lebanon yang bagus di daerah area_SLOT .,8,11,True
587,0,"hai , saya sedang mencari restoran dengan harga yang menengah di bagian selatan dari kota .",dari EOS_Z1,menengah selatan EOS_Z1,there are no dari restaurants in the city .,name_SLOT adalah sebuah restoran dengan harga yang menengah di area selatan . apakah anda informasi mereka ?,17,18,True
577,0,"hai , saya sedang mencari restoran dengan harga yang menengah di bagian selatan dari kota .",dari EOS_Z1,menengah selatan EOS_Z1,there are no dari restaurants in the city .,name_SLOT memilki harga yang menengah dan terletak di bagian selatan dari kota . apakah anda ingin lokasinya ?,17,19,True
554,0,bolehkah saya memiliki informasi untuk restoran italia di bagian timur kota ?,timur EOS_Z1,italia timur EOS_Z1,there are no timur restaurants in the area_SLOT .,iya tentu . hanya terdapat di restoran italia yang bernama name_SLOT di daerah timur . hal apa lagi yang ingin kamu ketahui ?,13,24,True
655,0,"bisakah kamu rekomendasikan sebuah restoran yang menyediakan makanan perancis ? saya butuh alamat , nomor telepon dan kodepos nya . terimakasih .",moderate EOS_Z1,perancis EOS_Z1 address phone postcode,there are no restaurants in the moderate price range .,kamu menginginkan restoran yang menyediakan makanan perancis . apakah kamu memiliki preferensi untuk letak daerahnya ?,23,17,True
640,0,saya ingin sebuah restoran dengan harga yang menengah terletak di bagian selatan kota .,selatan EOS_Z1,menengah selatan EOS_Z1,there are no selatan restaurants in the city .,name_SLOT adalah sebuah restoran food_SLOT di daerah selatan kota dan berada di kisaran harga yang menengah .,15,18,True
564,0,saya ingin restoran murah yang menyediakan makanan mediterania,menyediakan EOS_Z1,mediterania murah EOS_Z1,there are no menyediakan restaurants in the city .,name_SLOT adalah restoran murah yang menyediakan makanan mediterania . apakah bagian area_SLOT dari kota cukup untuk anda ?,9,19,True
623,0,bisakah saya mendapatkan sebuah restoran korea di pusat kota ?,pusat EOS_Z1,korea pusat EOS_Z1,there are no pusat restaurants in the area_SLOT .,name_SLOT terletak di daerah pusat kota,11,7,True
668,0,halo . bisakah kamu membantu saya mencarikan sebuah restoran dengan harga yang menengah di bagian selatan kota ?,selatan EOS_Z1,menengah selatan EOS_Z1,there are no selatan restaurants in the area_SLOT .,berikut adalah daftar dari restoran yang terletak di sisi selatan kota di kisaran harga yang menengah,19,17,True
556,0,"hai , saya ingin restoran dengan harga yang menengah di bagian selatan dari kota .",dari EOS_Z1,menengah selatan EOS_Z1,there are no dari restaurants in the city .,name_SLOT terletak di bagian selatan dari kota dan memiliki rentang harga yang menengah . apakah anda ingin lokasinya ?,16,20,True
643,0,"hai , saya sedang mencari restoran yang menengah yang berada di bagian selatan kota .",selatan EOS_Z1,menengah selatan EOS_Z1,there are no selatan restaurants in the city .,terdapat dua restoran dengan harga yang menengah di daerah selatan . anda lebih suka food_SLOT atau food_SLOT ?,16,19,True
653,0,saya mencari sebuah restoran pub gastronomi .,pub EOS_Z1,pub gastronomi EOS_Z1,there are no pub restaurants in the area_SLOT .,name_SLOT menyediakan makanan bistro .,8,6,True
601,0,saya ingin restoran yang menengah yang menyediakan makanan lebanon,menyediakan EOS_Z1,lebanon menengah EOS_Z1,there are no menyediakan restaurants in the city .,"name_SLOT berada di city center , apakah anda ingin alamatnya ?",10,12,True
544,0,saya sedang mencari restoran yang menengah yang menyediakan makanan lebanon .,makanan EOS_Z1,lebanon menengah EOS_Z1,there are no makanan restaurants in the city .,restoran name_SLOT menyediakan makanan lebanon dan memiliki rentang harga yang menengah .,12,13,True
660,0,butuh restoran yang menyajikan tempat bergaya turki,tempat EOS_Z1,turki EOS_Z1,there are no tempat restaurants in the city .,"ok , jadi kamu menginginkan sebuah restoran turki . di daerah mana kamu ingin makan ?",8,17,True
671,0,"halo , saya mencari sebuah restoran yang murah di sisi selatan kota .",selatan EOS_Z1,murah selatan EOS_Z1,there are no selatan restaurants in the city .,terdapat sebuah tempat yang bernama name_SLOT yang spesialis untuk makanan food_SLOT berada di sisi selatan kota .,14,18,True
644,0,"halo , saya mencari sebuah restoran thailand di sisi utara kota .",utara EOS_Z1,thailand utara EOS_Z1,there are no utara restaurants in the city .,"sayang sekali tidak ada restoran thailand di daerah utara , apakah kamu ingin merubah daerah yang ingin dicari ?",13,20,True
666,0,saya menginginkan restoran yang menengah yang berada di barat kota,di EOS_Z1,menengah barat EOS_Z1,there are no di restaurants in the city .,"terdapat tiga restoran dengan harga yang menengah di bagian barat kota . apakah kamu lebih ingin food_SLOT , food_SLOT , atau food_SLOT ?",11,24,True
632,1,"bagaimana dengan name_SLOT , mereka berada di kisaran harga yang menengah di bagian timur kota EOS_M bisakah saya mendapatkan alamat , nomor telepon , dan kodepos ?",bagian EOS_Z1,menengah timur EOS_Z1 address phone postcode,name_SLOT is in the area_SLOT .,"nomor telepon mereka adalah phone_SLOT . alamat mereka adalah address_SLOT , kodeposnya adalah postcode_SLOT .",28,16,True
578,1,name_SLOT adalah restoran thailand pricerange_SLOT di bagian area_SLOT dari kota . EOS_M bisakah saya meminta nomor telepon dan kode posnya ?,tidak EOS_Z1,thailand tidak peduli EOS_Z1 phone postcode,name_SLOT is in the area_SLOT part of town .,nomor telepon dari name_SLOT adalah phone_SLOT dan kode posnya adalah postcode_SLOT . apakah ada lagi yang bisa saya bantu ?,22,21,True
654,1,nomor telepon name_SLOT adalah phone_SLOT . EOS_M bisakah kamu memberi tahu saya jenis makanan apa yang mereka sajikan ?,moderate EOS_Z1,tidak peduli menengah selatan EOS_Z1 food,name_SLOT is in the moderate price range .,name_SLOT menyediakan makanan food_SLOT,20,5,True
649,1,name_SLOT adalah sebuah restoran cina yang berlokasi di bagian selatan dari kota dengan rentang harga pricerange_SLOT . alamat mereka adalah address_SLOT . EOS_M terima kasih sampai jumpa .,di EOS_Z1,cina selatan EOS_Z1,you 're welcome .,terima kasih dan semoga harimu menyenangkan !,29,8,True
628,1,name_SLOT menyediakan makanan pub gastronomi dan berada di rentang harga menengah . EOS_M bisakah saya memiliki nomor teleponnya ?,pub EOS_Z1,pub gastronomi menengah EOS_Z1 phone,name_SLOT is in the area_SLOT part of town .,phone_SLOT apakah itu saja ?,20,6,True
591,1,"maafkan saya , tidak ada restoran yang sesuai dengan permintaanmu . apakah kamu ingin mencoba hal yang lain ? EOS_M iya , saya ingin sebuah restoran mahal yang menyediakan makanan inggris . tolong bisakah saya memiliki nomor teleponnya ?",makanan EOS_Z1,inggris mahal EOS_Z1 phone,there are no restaurants serving makanan food . would you like their location ?,"bagaimana dengan name_SLOT , mereka menyediakan makanan inggris dan berada di kisaran harga yang mahal , nomor telepon mereka adalah phone_SLOT .",40,23,True
549,1,"terdapat name_SLOT di bagian utara dari kota yang menyediakan makanan perancis . EOS_M apa alamat , nomor , dan harga nya ?",menyediakan EOS_Z1,perancis utara EOS_Z1 address phone pricerange,name_SLOT is in the menyediakan .,name_SLOT memiliki rentang harga yang pricerange_SLOT . nomor telepon mereka adalah phone_SLOT dan mereka berlokasi di address_SLOT . apakah ada hal lain yang anda inginkan ?,23,27,True
566,1,"terdapat 5 restoran mahal yang tersedia di bagian selatan dari kota . restoran food_SLOT , food_SLOT , food_SLOT dan dua food_SLOT tersedia . tipe makanan macam apa yang anda inginkan ? EOS_M makanan meksiko akan bagus . bisakah saya meminta alamat dan nomor teleponnya ?",moderate EOS_Z1,meksiko mahal selatan EOS_Z1 address phone,name_SLOT is a nice restaurant in the moderate price range .,name_SLOT adalah restoran meksiko yang berlokasi di bagian selatan dari kota dengan rentang harga yang mahal . nomor telepon mereka adalah phone_SLOT dan alamatnya address_SLOT .,46,27,True
648,1,"tidak ada restoran yang cocok EOS_M bagaimana dengan italia ? saya ingin pergi ke suatu tempat yang bagus dengan suasana yang hebat dan mahal , saya ingin alamat , nomor telepon dan areanya",moderate EOS_Z1,italia mahal EOS_Z1 address area phone,there are no restaurants in the moderate price range .,name_SLOT terletak di address_SLOT 32 dan nomor telepon mereka adalah phone_SLOT .,34,13,True
636,1,"terdapat 17 restoran cina , apakah anda memiliki preferensi rentang harga atau area di kota ? EOS_M ya , saya mencari alamat dari salah satu bagian timur di kota .",makanan EOS_Z1,cina timur EOS_Z1 address,name_SLOT is a nice restaurant in the area_SLOT part of town .,"name_SLOT itu bagus , tapi pricerange_SLOT untuk restoran cina . mereka berlokasi di address_SLOT . apakah ada hal lain yang bisa saya bantu ?",31,25,True
665,1,"name_SLOT adalah sebuah restoran food_SLOT yang murah di sisi timur . apakah kamu ingin alamat atau nomor teleponnya ? EOS_M iya , tolong . bisakah kamu memberi tahu saya alamat dan nomor teleponnya ?",timur EOS_Z1,murah timur EOS_Z1 address phone,name_SLOT is a nice restaurant in the area_SLOT part of town .,"mereka terletak di address_SLOT , dan nomor mereka adalah phone_SLOT .",35,12,True
613,1,terdapat dua restoran dengan harga yang menengah di bagian utara kota . satu khas di masakan food_SLOT dan yang lainnya adalah restoran food_SLOT . EOS_M saya ingin yang india . apa alamat dan nomor teleponnya ?,utara EOS_Z1,menengah india utara EOS_Z1 address phone,name_SLOT is a nice restaurant in the area_SLOT part of town .,restoran india tersebut terletak di address_SLOT dan nomor teleponnya adalah phone_SLOT,37,12,True
609,1,name_SLOT adalah tempat lebanon yang bagus di daerah area_SLOT . EOS_M bisakah saya memiliki nomor teleponnya tolong .,di EOS_Z1,lebanon EOS_Z1 phone,name_SLOT is a nice restaurant in the area_SLOT .,nomor telepon mereka adalah phone_SLOT . apakah ada hal lain yang dapat saya bantu hari ini ?,19,18,True
587,1,name_SLOT adalah sebuah restoran dengan harga yang menengah di area selatan . apakah anda informasi mereka ? EOS_M iya . tolong nomor teleponnya,dari EOS_Z1,menengah selatan EOS_Z1 phone,name_SLOT is a nice restaurant in the area_SLOT .,nomor telepon name_SLOT adalah phone_SLOT .,24,7,True
577,1,name_SLOT memilki harga yang menengah dan terletak di bagian selatan dari kota . apakah anda ingin lokasinya ? EOS_M iya . tolong saya ingin meminta lokasi dan nomor teleponnya .,dari EOS_Z1,menengah selatan EOS_Z1 address phone,name_SLOT is a nice restaurant in the area_SLOT .,alamat dari name_SLOT adalah address_SLOT dan nomor teleponnya adalah phone_SLOT .,31,12,True
554,1,iya tentu . hanya terdapat di restoran italia yang bernama name_SLOT di daerah timur . hal apa lagi yang ingin kamu ketahui ? EOS_M dimana alamat mereka tolong ?,timur EOS_Z1,italia timur EOS_Z1 address,name_SLOT is in the area_SLOT part of town .,alamat dari name_SLOT adalah address_SLOT . adakah hal lain yang dapat saya bantu ?,30,15,True
655,1,"kamu menginginkan restoran yang menyediakan makanan perancis . apakah kamu memiliki preferensi untuk letak daerahnya ? EOS_M saya tidak peduli . tolong beri saya alamat , nomor telepon , dan kodepos nya .",moderate EOS_Z1,perancis tidak peduli EOS_Z1 address phone postcode,name_SLOT is a nice restaurant in the moderate price range .,"saya bisa merekomendasikan dua restoran yang menyediakan masakan perancis : name_SLOT , terletak di address_SLOT postcode_SLOT , nomor telepon phone_SLOT atau name_SLOT terletak di address_SLOT , postcode_SLOT , nomor telepon phone_SLOT",34,32,True
640,1,name_SLOT adalah sebuah restoran food_SLOT di daerah selatan kota dan berada di kisaran harga yang menengah . EOS_M jenis makanan apa yang mereka sediakan . dimana alamat mereka ?,selatan EOS_Z1,menengah selatan EOS_Z1 address food,name_SLOT is a nice restaurant in the area_SLOT part of town .,mereka menyediakan makanan food_SLOT . alamatnya adalah address_SLOT .,30,10,True
564,1,"name_SLOT adalah restoran murah yang menyediakan makanan mediterania . apakah bagian area_SLOT dari kota cukup untuk anda ? EOS_M iya , terima kasih . bisakah anda memberitahu saya alamat dan nomor telepon dari restoran itu ?",menyediakan EOS_Z1,mediterania murah pusat EOS_Z1 address phone,name_SLOT is a nice restaurant in the area_SLOT .,"tentunya , name_SLOT berlokasi di address_SLOT dan bisa dihubungi melalui phone_SLOT . bisakah saya membantu lebih lanjut ?",37,19,True
623,1,"name_SLOT terletak di daerah pusat kota EOS_M tolong , bisakah kamu memberi tahu saya alamat , nomor telepon , dan kodepos dari little seoul ?",pusat EOS_Z1,korea pusat EOS_Z1 address phone postcode,name_SLOT is a nice restaurant in the area_SLOT .,"tentu , name_SLOT terletak di address_SLOT 108. nomor teleponnya adalah phone_SLOT dan kodeposnya adalah postcode_SLOT . adakah hal lain yang dapat saya bantu ?",26,25,True
668,1,berikut adalah daftar dari restoran yang terletak di sisi selatan kota di kisaran harga yang menengah EOS_M bisakah saya memiliki alamat dan nomor teleponnya tolong,selatan EOS_Z1,menengah selatan EOS_Z1 address phone,name_SLOT is a nice restaurant in the area_SLOT area .,name_SLOT terletak di address_SLOT dan nomor teleponnya adalah phone_SLOT .,26,11,True
556,1,name_SLOT terletak di bagian selatan dari kota dan memiliki rentang harga yang menengah . apakah anda ingin lokasinya ? EOS_M tolong alamat dan kode posnya,dari EOS_Z1,menengah selatan EOS_Z1 address postcode,name_SLOT is a nice restaurant in the area_SLOT .,alamat mereka adalah address_SLOT dan kode posnya adalah postcode_SLOT . apakah ada hal lain yang bisa saya bantu untuk hari ini ?,26,23,True
643,1,terdapat dua restoran dengan harga yang menengah di daerah selatan . anda lebih suka food_SLOT atau food_SLOT ? EOS_M apakah ada yang lain ? bisakah saya mendapatkan nomor teleponnya ?,selatan EOS_Z1,menengah selatan EOS_Z1 phone,name_SLOT is a nice restaurant in the area_SLOT part of town .,name_SLOT terletak di bagian selatan kota dan berada di kisaran harga yang menengah . nomor telepon mereka adalah phone_SLOT . dapatkah saya membantu anda dengan hal yang lain ?,31,30,True
653,1,name_SLOT menyediakan makanan bistro . EOS_M bisakah saya memiliki alamat dan kodepos nya .,pub EOS_Z1,pub gastronomi EOS_Z1 address postcode,you 're welcome .,"alamatnya adalah address_SLOT , postcode_SLOT .",15,7,True
601,1,"name_SLOT berada di city center , apakah anda ingin alamatnya ? EOS_M apa alamat dan nomornya ?",menyediakan EOS_Z1,lebanon menengah EOS_Z1 address phone,name_SLOT is in the area_SLOT part of town .,alamatnya adalah address_SLOT dan nomor teleponnya adalah phone_SLOT,18,9,True
544,1,restoran name_SLOT menyediakan makanan lebanon dan memiliki rentang harga yang menengah . EOS_M beritahu saya alamat dan nomor telepon dari restoran ali baba .,makanan EOS_Z1,lebanon menengah EOS_Z1 address phone,name_SLOT is a nice restaurant in the area_SLOT area .,alamatnya adalah address_SLOT dan nomornya adalah phone_SLOT .,25,9,True
660,1,"ok , jadi kamu menginginkan sebuah restoran turki . di daerah mana kamu ingin makan ? EOS_M area manapun tidak masalah ! bisakah saya mendapatkan alamat dan kodepos dari restoran turki ?",tempat EOS_Z1,tidak peduli turki EOS_Z1 address postcode,name_SLOT is a nice restaurant in the area_SLOT part of town .,"name_SLOT adalah sebuah restoran turki di address_SLOT , postcode_SLOT . adakah hal lain yang dapat saya bantu untukmu hari ini ?",33,22,True
671,1,terdapat sebuah tempat yang bernama name_SLOT yang spesialis untuk makanan food_SLOT berada di sisi selatan kota . EOS_M apa alamat dan kode posnya ?,selatan EOS_Z1,murah selatan EOS_Z1 address postcode,name_SLOT is in the area_SLOT part of town .,nomor teleponnya adalah phone_SLOT dan kodeposnya adalah postcode_SLOT,25,9,True
644,1,"sayang sekali tidak ada restoran thailand di daerah utara , apakah kamu ingin merubah daerah yang ingin dicari ? EOS_M bagaimana dengan daerah barat ? saya juga ingin alamat , nomor telepon dan kisaran harga ?",utara EOS_Z1,thailand barat EOS_Z1 address phone pricerange,name_SLOT is a nice restaurant in the area_SLOT part of town .,"name_SLOT menyediakan makanan thailand dan harganya pricerange_SLOT di daerah barat . nomor telepon mereka adalah phone_SLOT alamatnya adalah address_SLOT , adakah hal lain yang dapat saya bantu untukmu ?",37,30,True
666,1,"terdapat tiga restoran dengan harga yang menengah di bagian barat kota . apakah kamu lebih ingin food_SLOT , food_SLOT , atau food_SLOT ? EOS_M bisakah saya memiliki alamat dan nomor telepon dari lokasi italia ?",di EOS_Z1,italia menengah barat EOS_Z1 address phone,name_SLOT is a nice restaurant in the area_SLOT part of town .,"name_SLOT terletak di jalan <unk> 21-24 , dan bisa dijangkau melalui phone_SLOT . dapatkah saya membantu lebih lanjut ?",36,20,True
632,2,"nomor telepon mereka adalah phone_SLOT . alamat mereka adalah address_SLOT , kodeposnya adalah postcode_SLOT . EOS_M terima kasih . sampai jumpa .",bagian EOS_Z1,menengah timur EOS_Z1,you 're welcome . goodbye .,sama sama . terimakasih telah menghubungi . selamat tinggal .,23,11,True
578,2,"nomor telepon dari name_SLOT adalah phone_SLOT dan kode posnya adalah postcode_SLOT . apakah ada lagi yang bisa saya bantu ? EOS_M itu semua cukup , terima kasih . selamat tinggal .",tidak EOS_Z1,thailand tidak peduli EOS_Z1,name_SLOT is a nice restaurant system .,"terima kasih telah menggunakan sistem ini , sampai jumpa !",32,11,True
654,2,name_SLOT menyediakan makanan food_SLOT EOS_M terima kasih sampai jumpa .,moderate EOS_Z1,tidak peduli menengah selatan EOS_Z1,name_SLOT is a nice restaurant .,sama-sama . semoga anda memiliki sore yang menyenangkan .,11,10,True
649,2,terima kasih dan semoga harimu menyenangkan ! EOS_M terima kasih lagi . selamat tingggal !,di EOS_Z1,cina selatan EOS_Z1,you 're welcome . good bye .,terima kasih telah menggunakan sistem restoran cambridge . sampai jumpa .,16,12,True
628,2,phone_SLOT apakah itu saja ? EOS_M terimakasih itu saja,pub EOS_Z1,pub gastronomi menengah EOS_Z1,name_SLOT is a nice pub restaurant in the area_SLOT .,sama sama !,10,4,True
591,2,"bagaimana dengan name_SLOT , mereka menyediakan makanan inggris dan berada di kisaran harga yang mahal , nomor telepon mereka adalah phone_SLOT . EOS_M sempurna ! terimakasih , selamat tinggal !",makanan EOS_Z1,inggris mahal EOS_Z1,you 're welcome .,sama sama . sampai jumpa .,31,7,True
549,2,"name_SLOT memiliki rentang harga yang pricerange_SLOT . nomor telepon mereka adalah phone_SLOT dan mereka berlokasi di address_SLOT . apakah ada hal lain yang anda inginkan ? EOS_M tidak , itu sudah cukup . terima kasih atas bantuannya .",menyediakan EOS_Z1,perancis utara EOS_Z1,name_SLOT is a nice restaurant system .,terima kasih sudah menggunakan sistem kami . sampai jumpa,39,10,True
566,2,name_SLOT adalah restoran meksiko yang berlokasi di bagian selatan dari kota dengan rentang harga yang mahal . nomor telepon mereka adalah phone_SLOT dan alamatnya address_SLOT . EOS_M terima kasih . sampai jumpa .,moderate EOS_Z1,meksiko mahal selatan EOS_Z1,you 're welcome . goodbye .,sampai jumpa .,34,4,True
648,2,name_SLOT terletak di address_SLOT 32 dan nomor telepon mereka adalah phone_SLOT . EOS_M terima kasih sampai jumpa,moderate EOS_Z1,italia mahal EOS_Z1,you 're welcome .,nikmati makananmu !,18,4,True
636,2,"name_SLOT itu bagus , tapi pricerange_SLOT untuk restoran cina . mereka berlokasi di address_SLOT . apakah ada hal lain yang bisa saya bantu ? EOS_M terima kasih sampai jumpa",makanan EOS_Z1,cina timur EOS_Z1,name_SLOT is a nice restaurant in the area_SLOT .,sampai jumpa .,30,4,True
665,2,"mereka terletak di address_SLOT , dan nomor mereka adalah phone_SLOT . EOS_M terima kasih . sampai jumpa .",timur EOS_Z1,murah timur EOS_Z1,you 're welcome .,terima kasih dan sampai jumpa !,19,7,True
613,2,restoran india tersebut terletak di address_SLOT dan nomor teleponnya adalah phone_SLOT EOS_M terimakasih banyak,utara EOS_Z1,menengah utara india EOS_Z1,name_SLOT is a nice restaurant .,terima kasih sudah menggunakan sistem telepon restoran cambridge . semoga harimu menyenangkan !,15,14,True
609,2,nomor telepon mereka adalah phone_SLOT . apakah ada hal lain yang dapat saya bantu hari ini ? EOS_M terima kasih sampai jumpa .,di EOS_Z1,lebanon EOS_Z1,name_SLOT is a nice restaurant in the area_SLOT .,terima kasih sampai jumpa,24,5,True
587,2,nomor telepon name_SLOT adalah phone_SLOT . EOS_M saya tidak yakin apakah saya akan ke bagian selatan . bisakah anda menyarankan restoran alternatif dan memberikan informasinya juga ?,dari EOS_Z1,menengah selatan EOS_Z1,name_SLOT is a nice restaurant in the area_SLOT .,"satu-satunya pilihan adalah name_SLOT . nomor telepon mereka adalah phone_SLOT , alamat mereka adalah @ address dan kode posnya adalah postcode_SLOT .",28,23,True
577,2,alamat dari name_SLOT adalah address_SLOT dan nomor teleponnya adalah phone_SLOT . EOS_M terima kasih sampai jumpa .,dari EOS_Z1,menengah selatan EOS_Z1,you 're welcome .,terima kasih dan sampai jumpa .,18,7,True
554,2,alamat dari name_SLOT adalah address_SLOT . adakah hal lain yang dapat saya bantu ? EOS_M terima kasih sampai jumpa .,timur EOS_Z1,italia timur EOS_Z1,name_SLOT is a nice timur restaurant .,terima kasih .,21,4,True
655,2,"saya bisa merekomendasikan dua restoran yang menyediakan masakan perancis : name_SLOT , terletak di address_SLOT postcode_SLOT , nomor telepon phone_SLOT atau name_SLOT terletak di address_SLOT , postcode_SLOT , nomor telepon phone_SLOT EOS_M terima kasih sampai jumpa",moderate EOS_Z1,perancis tidak peduli EOS_Z1,you 're welcome .,sama sama .,37,4,True
640,2,mereka menyediakan makanan food_SLOT . alamatnya adalah address_SLOT . EOS_M terima kasih . sampai jumpa,selatan EOS_Z1,menengah selatan EOS_Z1,you 're welcome .,sama sama . selamat menikmati !,16,7,True
564,2,"tentunya , name_SLOT berlokasi di address_SLOT dan bisa dihubungi melalui phone_SLOT . bisakah saya membantu lebih lanjut ? EOS_M the gardenia terdengar bagus . terima kasih .",menyediakan EOS_Z1,mediterania murah pusat EOS_Z1,you 're welcome .,sampai jumpa .,28,4,True
623,2,"tentu , name_SLOT terletak di address_SLOT 108. nomor teleponnya adalah phone_SLOT dan kodeposnya adalah postcode_SLOT . adakah hal lain yang dapat saya bantu ? EOS_M terima kasih sampai jumpa .",pusat EOS_Z1,korea pusat EOS_Z1,name_SLOT is in the area_SLOT .,"terima kasih , sampai jumpa .",31,7,True
668,2,name_SLOT terletak di address_SLOT dan nomor teleponnya adalah phone_SLOT . EOS_M terima kasih . sampai jumpa .,selatan EOS_Z1,menengah selatan EOS_Z1,you 're welcome .,terima kasih ! sampai jumpa .,18,7,True
556,2,"alamat mereka adalah address_SLOT dan kode posnya adalah postcode_SLOT . apakah ada hal lain yang bisa saya bantu untuk hari ini ? EOS_M tidak , terima kasih , selamat tinggal .",dari EOS_Z1,menengah selatan EOS_Z1,name_SLOT is a nice restaurant .,nikmati makananmu !,32,4,True
643,2,name_SLOT terletak di bagian selatan kota dan berada di kisaran harga yang menengah . nomor telepon mereka adalah phone_SLOT . dapatkah saya membantu anda dengan hal yang lain ? EOS_M terima kasih sampai jumpa .,selatan EOS_Z1,menengah selatan EOS_Z1,name_SLOT is a nice selatan restaurant in the area_SLOT .,"iya , selamat tinggal .",36,6,True
653,2,"alamatnya adalah address_SLOT , postcode_SLOT . EOS_M terima kasih , sampai jumpa",pub EOS_Z1,pub gastronomi EOS_Z1,you 're welcome .,terimakasih telah menggunakan saluran telepon sistem restoran cambridge . selamat menikmati makananmu !,13,14,True
601,2,alamatnya adalah address_SLOT dan nomor teleponnya adalah phone_SLOT EOS_M terima kasih . sampai jumpa !,menyediakan EOS_Z1,lebanon menengah EOS_Z1,you 're welcome . good bye .,terima kasih . sampai jumpa !,16,7,True
544,2,alamatnya adalah address_SLOT dan nomornya adalah phone_SLOT . EOS_M terima kasih sampai jumpa,makanan EOS_Z1,lebanon menengah EOS_Z1,you 're welcome .,terima kasih sudah menggunakan sistem telepon restoran cambridge . semoga harimu menyenangkan !,14,14,True
660,2,"name_SLOT adalah sebuah restoran turki di address_SLOT , postcode_SLOT . adakah hal lain yang dapat saya bantu untukmu hari ini ? EOS_M terima kasih sampai jumpa .",tempat EOS_Z1,turki tidak peduli EOS_Z1,name_SLOT is in the area_SLOT .,"terima kasih , sampai jumpa .",28,7,True
671,2,nomor teleponnya adalah phone_SLOT dan kodeposnya adalah postcode_SLOT EOS_M terima kasih sampai jumpa .,selatan EOS_Z1,murah selatan EOS_Z1,you 're welcome .,terima kasih telah menggunakan sistem kami ! semoga hari anda menyenangkan !,15,13,True
644,2,"name_SLOT menyediakan makanan thailand dan harganya pricerange_SLOT di daerah barat . nomor telepon mereka adalah phone_SLOT alamatnya adalah address_SLOT , adakah hal lain yang dapat saya bantu untukmu ? EOS_M tidak , terima kasih . sampai jumpa .",utara EOS_Z1,thailand barat EOS_Z1,you 're welcome .,nikmati makananmu .,39,4,True
666,2,"name_SLOT terletak di jalan <unk> 21-24 , dan bisa dijangkau melalui phone_SLOT . dapatkah saya membantu lebih lanjut ? EOS_M sudah oke . terima kasih , sampai jumpa",di EOS_Z1,italia menengah barat EOS_Z1,you 're welcome .,terima kasih sudah menggunakan sistem kami . sampai jumpa,29,10,True
575,0,saya ingin mencari restoran yang murah di bagian timur dari kota . apa alamat dan kode posnya ?,cheap EOS_Z1,murah timur EOS_Z1 address postcode,there are no restaurants in the cheap price range .,"name_SLOT sesuai dengan kriteria anda . itu berlokasi di address_SLOT , kode pos ispostcode_SLOT.q",19,15,True
637,0,halo ! saya mencari alamat dan nomor telepon dari restoran lebanon di daerah pusat .,daerah EOS_Z1,lebanon pusat EOS_Z1 address phone,there are no daerah restaurants in the city .,name_SLOT adalah sebuah restoran lebanon di daerah pusat . alamatnya adalah hills road city 59. nomor teleponnya adalah phone_SLOT,16,20,True
560,0,sebuah restoran perancis di bagian pusat dari kota . tolong berikan saya alamat dan nomor teleponnnya .,moderate EOS_Z1,perancis pusat EOS_Z1 address phone,there are no restaurants serving food_SLOT food .,name_SLOT bisa dihubungi melalui phone_SLOT dan berlokasi di address_SLOT . apakah anda membutuhkan informasi tambahan ?,18,17,True
645,0,"saya ingin mencari sebuah restoran yang mahal dan menyediakan makanan eropa . bisakah saya juga mendapatkan alamat , nomor telepon dan daerah nya . ?",moderate EOS_Z1,eropa mahal EOS_Z1 address area phone,there are no restaurants in the moderate price range .,name_SLOT adalah sebuah restoran eropa di daerah area_SLOT . alamat mereka adalah address_SLOT dan nomor teleponnya adalah phone_SLOT .,26,20,True
574,0,saya membutuhkan alamat dan kode pos dari restoran yang murah di bagian utara dari kota .,dari EOS_Z1,murah utara EOS_Z1 address postcode,there are no dari restaurants in the city .,alamat dari name_SLOT adalah address_SLOT dan kode posnya adalah postcode_SLOT . name_SLOT memiliki rentang harga yang murah dan terletak di bagian utara dari kota .,17,26,True
565,0,saya ingin mencari restoran murah di bagian utara kota .,utara EOS_Z1,murah utara EOS_Z1,there are no utara restaurants in the city .,tipe makanan macam apa yang sedang anda cari ?,11,10,True
604,0,apakah kamu mengetahui restoran dengan harga yang menengah di bagian utara kota ? saya butuh alamat dan nomor teleponnya .,nomor EOS_Z1,menengah utara EOS_Z1 address phone,there are no nomor restaurants in the city .,name_SLOT terletak di address_SLOT . nomor teleponnya adalah phone_SLOT .,21,11,True
563,0,saya sedang mencari restoran di bagian barat dari kota dengan harga yang murah .,yang EOS_Z1,murah barat EOS_Z1,there are no yang restaurants in the city .,terdapat dua restoran di bagian barat dari kota . tipe makanan apa yang anda sukai ?,15,17,True
624,0,saya ingin sebuah restoran dengan harga yang menengah di bagian utara kota . apa alamatnya ?,cheap EOS_Z1,menengah utara EOS_Z1 address,there are no restaurants serving cheap restaurant in the area_SLOT .,name_SLOT adalah sebuah restoran food_SLOT bagus dengan harga yang menengah di bagian utara kota . mereka terletak di address_SLOT . adakah hal lain yang dapat saya lakukan untukmu hari ini ?,17,32,True
627,0,saya mencari sebuah restoran inggris dengan harga yang menengah .,yang EOS_Z1,inggris menengah EOS_Z1,there are no yang restaurants in the city .,tidak ada restoran yang cocok dengan permintaanmu . bolehkah saya membantu kamu menemukan restoran yang berbeda ?,11,18,True
569,0,saya menginginkan restoran yang murah di bagian timur dari kota . apa alamat dan kode posnya ?,cheap EOS_Z1,murah timur EOS_Z1 address postcode,there are no restaurants serving cheap restaurant in the area_SLOT .,"bagaimana kalau name_SLOT ? mereka menyediakan makanan food_SLOT di address_SLOT , kode pos postcode_SLOT.q .",18,16,True
583,0,"hai , saya sedang mencari makanan cina yang enak di bagian barat .",bagian EOS_Z1,cina barat EOS_Z1,there are no bagian restaurants in the city .,"maaf , tidak ada restoran cina di bagian barat . apakah anda ingin mencoba tipe makanan atau bagian kota yang lain ?",14,23,True
600,0,saya menginginkan makanan portugal dan saya tidak peduli harganya . apa alamat dan nomor teleponnya ?,cheap EOS_Z1,portugal tidak peduli EOS_Z1 address phone,there are no restaurants serving cheap restaurant in the area_SLOT .,"name_SLOT adalah restoran portugal , itu memiliki rentang harga yang pricerange_SLOT , dan terletak di bagian area_SLOT dari kota . alamatnya adalah address_SLOT , dan nomor teleponnya adalah phone_SLOT .",17,31,True
575,1,"name_SLOT sesuai dengan kriteria anda . itu berlokasi di address_SLOT , kode pos ispostcode_SLOT.q EOS_M terima kasih sampai jumpa .",cheap EOS_Z1,murah timur EOS_Z1,you 're welcome .,terima kasih .,21,4,True
637,1,name_SLOT adalah sebuah restoran lebanon di daerah pusat . alamatnya adalah hills road city 59. nomor teleponnya adalah phone_SLOT EOS_M terima kasih sampai jumpa .,daerah EOS_Z1,lebanon pusat EOS_Z1,you 're welcome .,terima kasih .,26,4,True
560,1,name_SLOT bisa dihubungi melalui phone_SLOT dan berlokasi di address_SLOT . apakah anda membutuhkan informasi tambahan ? EOS_M terima kasih sampai jumpa .,moderate EOS_Z1,perancis pusat EOS_Z1,name_SLOT is a nice restaurant system .,sampai jumpa .,23,4,True
645,1,name_SLOT adalah sebuah restoran eropa di daerah area_SLOT . alamat mereka adalah address_SLOT dan nomor teleponnya adalah phone_SLOT . EOS_M terima kasih sampai jumpa,moderate EOS_Z1,eropa mahal EOS_Z1,you 're welcome .,terima kasih dan sampai jumpa,25,6,True
574,1,alamat dari name_SLOT adalah address_SLOT dan kode posnya adalah postcode_SLOT . name_SLOT memiliki rentang harga yang murah dan terletak di bagian utara dari kota . EOS_M terima kasih .,dari EOS_Z1,murah utara EOS_Z1,goodbye .,terima kasih . sampai jumpa .,30,7,True
565,1,tipe makanan macam apa yang sedang anda cari ? EOS_M restoran bertipe apapun akan bagus .,utara EOS_Z1,tidak peduli murah utara EOS_Z1,name_SLOT is a nice restaurant in the area_SLOT area .,name_SLOT berlokasi di bagian utara kota dan harganya murah .,17,11,True
604,1,name_SLOT terletak di address_SLOT . nomor teleponnya adalah phone_SLOT . EOS_M terima kasih sampai jumpa .,nomor EOS_Z1,menengah utara EOS_Z1,you 're welcome .,"nikmati masamu , selamat tinggal .",17,7,True
563,1,terdapat dua restoran di bagian barat dari kota . tipe makanan apa yang anda sukai ? EOS_M saya tidak peduli . makanan bertipe apapun tidak akan jadi masalah .,yang EOS_Z1,murah tidak peduli barat EOS_Z1,name_SLOT is a nice restaurant in the area_SLOT .,"terdapat name_SLOT yang merupakan restoran food_SLOT di @ address , nomor teleponnya adalah phone_SLOT .",30,16,True
624,1,name_SLOT adalah sebuah restoran food_SLOT bagus dengan harga yang menengah di bagian utara kota . mereka terletak di address_SLOT . adakah hal lain yang dapat saya lakukan untukmu hari ini ? EOS_M terima kasih sampai jumpa .,cheap EOS_Z1,menengah utara EOS_Z1,name_SLOT is a cheap restaurant in the cheap price range .,terima kasih . sampai jumpa,38,6,True
627,1,"tidak ada restoran yang cocok dengan permintaanmu . bolehkah saya membantu kamu menemukan restoran yang berbeda ? EOS_M baiklah , jika begitu saya mencari sebuah restoran dengan makanan cina dengan harga yang menengah .",yang EOS_Z1,cina menengah EOS_Z1,name_SLOT is a nice restaurant in the area_SLOT .,"saya memiliki empat restoran yang cocok dengan permintaanmu , apakah kamu ingin mendengarkan mereka semua atau mempersempit permintaanmu ?",35,20,True
569,1,"bagaimana kalau name_SLOT ? mereka menyediakan makanan food_SLOT di address_SLOT , kode pos postcode_SLOT.q . EOS_M terima kasih sampai jumpa .",cheap EOS_Z1,murah timur EOS_Z1,name_SLOT is a nice restaurant system .,"woah , baiklah , sampai jumpa .",22,8,True
583,1,"maaf , tidak ada restoran cina di bagian barat . apakah anda ingin mencoba tipe makanan atau bagian kota yang lain ? EOS_M terima kasih sampai jumpa",bagian EOS_Z1,cina barat EOS_Z1,name_SLOT is a nice restaurant in the area_SLOT .,sama sama sampai jumpa,28,5,True
600,1,"name_SLOT adalah restoran portugal , itu memiliki rentang harga yang pricerange_SLOT , dan terletak di bagian area_SLOT dari kota . alamatnya adalah address_SLOT , dan nomor teleponnya adalah phone_SLOT . EOS_M terima kasih sampai jumpa .",cheap EOS_Z1,portugal tidak peduli EOS_Z1,you 're welcome .,terima kasih sudah menggunakan sistem kami . sampai jumpa,37,10,True
675,0,"saya tertarik dengan restoran yang terletak di bagian utara kota yang berfokus pada makanan indonesia , tolong .",moderate EOS_Z1,indonesia utara EOS_Z1,there are no restaurants in the moderate price range .,tidak ada restoran yang menyediakan makanan indonesia di bagian utara kota . apakah kamu ingin saya mencari di bagian kota yang lain ?,19,24,True
551,0,saya ingin restoran di bagian timur di kota yang menyajikan makanan indonesia,menyajikan EOS_Z1,indonesia timur EOS_Z1,there are no menyajikan restaurants in the city .,saya tidak melihat restoran indonesia sama sekali . apakah anda ingin saya carikan tipe restoran lain di timur ini ?,13,21,True
548,0,saya ingin mencari restoran dengan harga yang menengah yang menyediakan makanan eropa .,makanan EOS_Z1,eropa menengah EOS_Z1,there are no makanan restaurants in the city .,name_SLOT berada di bagian area_SLOT kota dan memiliki harga menengah .,14,12,True
561,0,saya sedang mencari restoran murah yang berada di bagian utara kota .,utara EOS_Z1,murah utara EOS_Z1,there are no utara restaurants in the city .,makanan macam apa yang anda inginkan ?,13,8,True
603,0,tolong saya ingin sebuah restoran dengan kisaran harga yang menengah .,yang EOS_Z1,menengah EOS_Z1,there are no yang restaurants in the city .,makanan jenis apa yang kamu inginkan ?,12,8,True
588,0,saya sedang mencari restoran di bagian pusat dari kota yang menyediakan makanan persia .,makanan EOS_Z1,persia pusat EOS_Z1,there are no makanan restaurants in the city .,tidak ada restoran yang menyediakan makanan persia di bagian pusat dari kota .,15,14,True
639,0,carikan saya sebuah restoran yang menyediakan makanan eropa .,makanan EOS_Z1,eropa EOS_Z1,there are no makanan restaurants in the city .,"terdapat beberapa restoran yang menyediakan makanan eropa . apakah kamu ingin daerah area_SLOT , area_SLOT atau bagian area_SLOT dari kota ?",10,22,True
586,0,saya mencari sebuah restoran mahal yang menyediakan makanan russia .,makanan EOS_Z1,rusia mahal EOS_Z1,there are no makanan restaurants in the city .,tidak ada restoran yang mahal yang menyediakan makanan rusia . dapatkah saya membantu kamu dengan hal lain ?,11,19,True
612,0,saya mencari sebuah restoran dengan harga yang menengah dan di bagian utara kota .,utara EOS_Z1,menengah utara EOS_Z1,there are no utara restaurants in the city .,name_SLOT berada di bagian utara kota dan berada di kisaran harga yang menengah .,15,15,True
567,0,tolong sarankan saya beberapa restoran dengan harga yang menengah di bagian selatan .,bagian EOS_Z1,menengah selatan EOS_Z1,there are no bagian restaurants in the city .,saya menemukan dua restoran dengan harga yang menengah di bagian selatan kota . apakah kamu lebih ingin makanan food_SLOT atau food_SLOT ?,14,23,True
672,0,saya ingin mencari sebuah restoran di bagian selatan kota dan menyediakan makanan skandinavia .,makanan EOS_Z1,skandinavia selatan EOS_Z1,there are no makanan restaurants in the city .,tidak ada restoran skandinavia di bagian selatan kota .,15,10,True
571,0,"hai , saya ingin restoran @ good dengan harga yang mahal .",yang EOS_Z1,perancis mahal EOS_Z1,there are no yang restaurants in the city .,name_SLOT adalah restoran perancis di bagian area_SLOT dari kota dan berada di rentang harga yang mahal .,13,18,True
597,0,saya butuh timur restoran . saya ingin mencoba makanan canape .,moderate EOS_Z1,canapes timur EOS_Z1,there are no restaurants serving food_SLOT food .,"saya mohon maaf , tapi tidak ada restoran yang menyediakan makanan canape di bagian timur dari kota .",12,19,True
580,0,apakah ada tempat di pusat yang menyediakan makanan corsica ?,corsica EOS_Z1,corsica pusat EOS_Z1,there are no restaurants serving corsica food .,di rentang harga apa yang kamu cari ?,11,9,True
562,0,saya mencari sebuah restoran di bagian utara kota yang menyediakan makanan wales .,makanan EOS_Z1,wales utara EOS_Z1,there are no makanan restaurants in the city .,tidak ada restoran wales di daerah utara kota . apakah kamu ingin sesuatu yang lain ?,14,17,True
615,0,saya ingin mencari sebuah restoran dengan harga yang menengah di bagian utara kota . berapa nomor teleponnya ?,cheap EOS_Z1,menengah utara EOS_Z1 phone,there are no restaurants in the cheap price range .,name_SLOT berada di kisaran harga yang menengah dan berada di daerah utara kota .,19,15,True
622,0,"halo , saya ingin sebuah restoran dengan harga yang menengah .",yang EOS_Z1,menengah EOS_Z1,there are no yang restaurants in the city .,terdapat beberapa restoran di kisaran harga yang menengah . apakah kamu memiliki preferensi untuk jenis makanan atau bagian dari kota ?,12,22,True
553,0,saya sedang mencari sebuah restoran yang menengah di bagian timur kota .,timur EOS_Z1,menengah timur EOS_Z1,there are no timur restaurants in the city .,"saya ingin merekomendasikan anda name_SLOT , sebuah tempat food_SLOT di bagian timur dengan rentang harga yang menengah .",13,19,True
552,0,saya mencari sebuah restoran yang menengah di selatan kota .,selatan EOS_Z1,menengah selatan EOS_Z1,there are no selatan restaurants in the city .,name_SLOT adalah restoran dengan harga yang menengah di bagian selatan dari kota .,11,14,True
546,0,saya ingin beberapa makanan meksiko .,makanan EOS_Z1,meksiko EOS_Z1,there are no makanan restaurants .,satu-satunya daftar untuk makanan meksiko adalah name_SLOT . bagaimana saya bisa membantu anda ?,7,15,True
598,0,"halo , saya sedang mencari restoran venesia di bagian pusat dari kota .",dari EOS_Z1,venetia pusat EOS_Z1,there are no dari restaurants in the city .,tidak ada restoran yang menyediakan makanan venesia di bagian pusat dari kota . apakah anda mau saya periksa bagian lain dari kota ?,14,24,True
629,0,saya mencari sebuah restoran di ujung barat yang harganya tidak terlalu mahal .,terlalu EOS_Z1,menengah barat EOS_Z1,there are no terlalu restaurants in the city .,name_SLOT ?,14,3,True
673,0,saya mencari sebuah restoran yang menyediakan makanan maroko dan dengan harga yang menengah .,yang EOS_Z1,maroko menengah EOS_Z1,there are no yang restaurants in the city .,area mana yang kamu suka ?,15,7,True
547,0,saya ingin mencari restoran murah yang menyediakan makanan australasia .,makanan EOS_Z1,australasia murah EOS_Z1,there are no makanan restaurants in the city .,tidak ada restoran yang menyediakan makanan australasia . apakah anda ingin sesuatu yang lain ?,11,16,True
646,0,saya mencari sebuah restoran di bagian barat kota .,barat EOS_Z1,barat EOS_Z1,there are no barat restaurants in the city .,"name_SLOT berada di bagian barat kota , dan mereka menyediakan makanan food_SLOT .",10,14,True
607,0,halo . bisakah kamu memberi tahu saya jika ada restoran di area ini yang menyediakan makanan halal ?,halal EOS_Z1,halal EOS_Z1,there are no restaurants in the area_SLOT area .,"maafkan saya , tidak ada restoran di daerah tersebut yang menyediakan makanan yang halal . apakah kamu ingin jenis makanan yang lain ?",19,24,True
675,1,tidak ada restoran yang menyediakan makanan indonesia di bagian utara kota . apakah kamu ingin saya mencari di bagian kota yang lain ? EOS_M bagaimana dengan makanan italia ?,moderate EOS_Z1,italia utara EOS_Z1,name_SLOT is a nice restaurant in the moderate price range .,name_SLOT adalah sebuah restoran yang menyediakan makanan italia di bagian utara kota . apakah kamu ingin informasi tambahan ?,30,20,True
551,1,saya tidak melihat restoran indonesia sama sekali . apakah anda ingin saya carikan tipe restoran lain di timur ini ? EOS_M bagaimana tentang cina restoran di utara ?,menyajikan EOS_Z1,cina utara EOS_Z1,name_SLOT is a nice restaurant in the area_SLOT .,terdapat tiga restoran cina di utara . apakah anda sedang mencari rentang harga yang spesifik ?,29,17,True
548,1,name_SLOT berada di bagian area_SLOT kota dan memiliki harga menengah . EOS_M apakah ada hal lain ? tolong berikan saya alamat dan kode posnya .,makanan EOS_Z1,eropa menengah EOS_Z1 address postcode,name_SLOT is a nice restaurant in the area_SLOT part of town .,terdapat juga name_SLOT yang memiliki makanan eropa pricerange_SLOT di area area_SLOT pada address_SLOT kode pos postcode_SLOT,26,17,True
561,1,makanan macam apa yang anda inginkan ? EOS_M apapun,utara EOS_Z1,tidak peduli murah utara EOS_Z1,name_SLOT is in the area_SLOT part of town .,name_SLOT menyediakan makanan food_SLOT dengan rentang harga yang murah dan terletak di bagian utara dari kota .,10,18,True
603,1,makanan jenis apa yang kamu inginkan ? EOS_M semua jenis makanan tidak apa apa selama harganya yang menengah dan berada di bagian utara kota .,yang EOS_Z1,tidak peduli menengah utara EOS_Z1,there are no yang restaurants in the area_SLOT .,"name_SLOT berada di bagian utara kota , dan memiliki harga yang menengah . mereka menyediakan makanan food_SLOT .",26,19,True
588,1,tidak ada restoran yang menyediakan makanan persia di bagian pusat dari kota . EOS_M saya menginginkan restoran thailand kalau begitu .,makanan EOS_Z1,thailand pusat EOS_Z1,name_SLOT is a nice restaurant in the area_SLOT area .,saya melihat beberapa opsi dari makanan thailand di bagian pusat dari kota . apakah anda ingin mengerucutkannya berdasarkan harga ?,22,21,True
639,1,"terdapat beberapa restoran yang menyediakan makanan eropa . apakah kamu ingin daerah area_SLOT , area_SLOT atau bagian area_SLOT dari kota ? EOS_M saya tidak terlalu peduli .",makanan EOS_Z1,eropa tidak peduli EOS_Z1,name_SLOT is a nice restaurant in the area_SLOT area .,kisaran harga berapa yang ingin kamu cari ?,28,9,True
586,1,tidak ada restoran yang mahal yang menyediakan makanan rusia . dapatkah saya membantu kamu dengan hal lain ? EOS_M iya apakah kamu memiliki tipe makanan inggris ?,makanan EOS_Z1,inggris mahal EOS_Z1,name_SLOT is a nice restaurant in the area_SLOT part of town .,"iya , terdapat enam pilihan . apakah bagian dari kota berpengaruh ?",28,13,True
612,1,"name_SLOT berada di bagian utara kota dan berada di kisaran harga yang menengah . EOS_M tidak saya tidak tertarik dengan golden wok , apakah ada yang lain ?",utara EOS_Z1,menengah utara EOS_Z1,name_SLOT is in the area_SLOT part of town .,name_SLOT juga terletak di daerah utara dan dengan harga yang menengah . mereka menyediakan makanan food_SLOT .,29,18,True
567,1,saya menemukan dua restoran dengan harga yang menengah di bagian selatan kota . apakah kamu lebih ingin makanan food_SLOT atau food_SLOT ? EOS_M makanan italia,bagian EOS_Z1,italia menengah selatan EOS_Z1,name_SLOT is a nice restaurant in the area_SLOT .,name_SLOT adalah sebuah restoran italia yang bagus dengan kisaran harga yang menengah dan berada di daerah selatan .,26,19,True
672,1,tidak ada restoran skandinavia di bagian selatan kota . EOS_M bagaimana dengan makanan italia ?,makanan EOS_Z1,italia selatan EOS_Z1,name_SLOT is in the area_SLOT area .,"iya , kami memiliki dua restoran italia di daerah selatan . apakah kamu lebih ingin harga yang pricerange_SLOT atau harga yang pricerange_SLOT ?",16,24,True
571,1,name_SLOT adalah restoran perancis di bagian area_SLOT dari kota dan berada di rentang harga yang mahal . EOS_M bisakah anda mencarikan saya restoran yang berbeda ?,yang EOS_Z1,perancis mahal EOS_Z1,name_SLOT is in the area_SLOT part of town .,opsi lainnya adalah name_SLOT . apakah anda ingin informasi lebih lanjut terkait restoran ?,27,15,True
597,1,"saya mohon maaf , tapi tidak ada restoran yang menyediakan makanan canape di bagian timur dari kota . EOS_M jika begitu , dapatkah anda merekomendasi cina restoran ?",moderate EOS_Z1,cina timur EOS_Z1,name_SLOT is a nice restaurant in the moderate price range .,name_SLOT adalah sebuah restoran cina yang berada di timur kota .,29,12,True
580,1,di rentang harga apa yang kamu cari ? EOS_M harga berapapun tidak akan jadi masalah .,corsica EOS_Z1,corsica tidak peduli pusat EOS_Z1,name_SLOT is a nice restaurant in the area_SLOT .,"tidak ada restoran yang sesuai dengan kriteria anda . apakah anda ingin mencoba area , rentang harga atau tipe makanan lain ?",17,23,True
562,1,tidak ada restoran wales di daerah utara kota . apakah kamu ingin sesuatu yang lain ? EOS_M italia,makanan EOS_Z1,italia utara EOS_Z1,name_SLOT is in the area_SLOT part of town .,name_SLOT akan menjadi satu-satunya pilihanmu di daerah utara . apakah kamu ingin alamat dan nomor telepon mereka ?,19,19,True
615,1,name_SLOT berada di kisaran harga yang menengah dan berada di daerah utara kota . EOS_M apakah ada yang lain dalam kisaran harga mahal di wilayah utara kota ?,cheap EOS_Z1,mahal utara EOS_Z1,name_SLOT is a cheap restaurant in the cheap price range .,"iya , terdapat sebuah restoran food_SLOT yang mahal bernama name_SLOT .",29,12,True
622,1,terdapat beberapa restoran di kisaran harga yang menengah . apakah kamu memiliki preferensi untuk jenis makanan atau bagian dari kota ? EOS_M terletak di sisi timur,yang EOS_Z1,menengah timur EOS_Z1,name_SLOT is a nice restaurant in the area_SLOT .,"terdapat sebuah restoran food_SLOT dengan harga yang menengah di sisi timur , apakah kamu ingin alamatnya ?",27,18,True
553,1,"saya ingin merekomendasikan anda name_SLOT , sebuah tempat food_SLOT di bagian timur dengan rentang harga yang menengah . EOS_M apakah ada hal lain yang ingin anda rekomendasikan ? bisakah saya meminta alamat dan tipe makanan dari itu juga ?",timur EOS_Z1,menengah timur EOS_Z1 address food,there are no restaurants serving timur food . would you like their location ?,apakah anda ingin mencoba tipe makanan yang berbeda ?,40,10,True
552,1,name_SLOT adalah restoran dengan harga yang menengah di bagian selatan dari kota . EOS_M saya tidak mau yang itu . tunjukkan yang lain .,selatan EOS_Z1,menengah selatan EOS_Z1,you 're welcome .,name_SLOT adalah restoran dengan harga yang menengah di bagian selatan dari kota .,25,14,True
546,1,satu-satunya daftar untuk makanan meksiko adalah name_SLOT . bagaimana saya bisa membantu anda ? EOS_M saya ingin sebuah restoran di bagian pusat yang menyediakan makanan oriental asia ? apa nomor teleponnya ?,makanan oriental EOS_Z1,oriental asia pusat EOS_Z1 phone,there are no restaurants serving makanan food . would you like their location ?,kami memiliki empat restoran oriental asia di bagian pusat . berapa rentang harga yang anda inginkan ?,33,18,True
598,1,tidak ada restoran yang menyediakan makanan venesia di bagian pusat dari kota . apakah anda mau saya periksa bagian lain dari kota ? EOS_M bagaimana dengan makanan thailand ?,dari EOS_Z1,thailand pusat EOS_Z1,name_SLOT is a nice restaurant in the area_SLOT .,berapa rentang harga yang sedang anda cari ?,30,9,True
629,1,name_SLOT ? EOS_M dimana saint johns chop house ?,terlalu EOS_Z1,menengah barat EOS_Z1 address,name_SLOT is in the area_SLOT .,itu terletak di jalan <unk> 21-24,10,7,True
673,1,area mana yang kamu suka ? EOS_M saya tidak peduli di daerah manapun itu .,yang EOS_Z1,maroko menengah tidak peduli EOS_Z1,name_SLOT is a nice restaurant in the area_SLOT .,tidak ada restoran maroko dengan harga yang menengah di daerah manapun . mungkin ada jenis makanan lain yang kamu minati ?,16,22,True
547,1,tidak ada restoran yang menyediakan makanan australasia . apakah anda ingin sesuatu yang lain ? EOS_M makanan portugal,makanan EOS_Z1,portugal murah EOS_Z1,name_SLOT is a nice restaurant in the area_SLOT area .,"terdapat dua restoran yang tersedia , name_SLOT dan name_SLOT . satu berada di bagian area_SLOT dan yang lainnya berada di bagian area_SLOT .",19,24,True
646,1,"name_SLOT berada di bagian barat kota , dan mereka menyediakan makanan food_SLOT . EOS_M terimakasih . bisakah saya mendapatkan alamatnya tolong ?",barat EOS_Z1,barat EOS_Z1 address,name_SLOT is in the area_SLOT part of town .,iya . alamat mereka adalah address_SLOT 139 .,23,9,True
607,1,"maafkan saya , tidak ada restoran di daerah tersebut yang menyediakan makanan yang halal . apakah kamu ingin jenis makanan yang lain ? EOS_M bagaimana dengan makanan portugal ?",halal EOS_Z1,portugal EOS_Z1,name_SLOT is a nice restaurant in the area_SLOT .,"name_SLOT menyediakan makanan portugal , berada di bagian area_SLOT kota dan berada di kisaran harga yang pricerange_SLOT . apakah kamu menginginkan lokasi mereka ?",30,25,True
675,2,"name_SLOT adalah sebuah restoran yang menyediakan makanan italia di bagian utara kota . apakah kamu ingin informasi tambahan ? EOS_M iya , bolehkah saya meminta alamat dan nomor teleponnya ?",moderate EOS_Z1,italia utara EOS_Z1 address phone,name_SLOT is a nice restaurant in the moderate price range .,alamatnya adalah address_SLOT dan nomornya adalah phone_SLOT .,31,9,True
551,2,"terdapat tiga restoran cina di utara . apakah anda sedang mencari rentang harga yang spesifik ? EOS_M mohon maaf , yang saya maksud adalah cina restoran di timur . rentang harga apapun tidak masalah .",menyajikan EOS_Z1,cina tidak peduli timur EOS_Z1,there are no menyajikan restaurants in the area_SLOT .,bagaimana kalau name_SLOT . tempat ini terletak di bagian timur dari kota dan menyediakan makanan cina .,36,18,True
548,2,terdapat juga name_SLOT yang memiliki makanan eropa pricerange_SLOT di area area_SLOT pada address_SLOT kode pos postcode_SLOT EOS_M apa nomornya ?,makanan EOS_Z1,eropa menengah EOS_Z1 phone,name_SLOT is in the area_SLOT .,nomornya mereka adalah phone_SLOT .,21,6,True
561,2,name_SLOT menyediakan makanan food_SLOT dengan rentang harga yang murah dan terletak di bagian utara dari kota . EOS_M apakah ada opsi lain ?,utara EOS_Z1,tidak peduli murah utara EOS_Z1,name_SLOT is in the area_SLOT part of town .,name_SLOT menyediakan makanan food_SLOT dengan rentang harga yang murah dan terletak di bagian utara dari kota .,24,18,True
603,2,"name_SLOT berada di bagian utara kota , dan memiliki harga yang menengah . mereka menyediakan makanan food_SLOT . EOS_M apakah ada restoran lainnya ?",yang EOS_Z1,tidak peduli menengah utara EOS_Z1,name_SLOT is in the area_SLOT .,"terdapat name_SLOT , yang menyediakan makanan food_SLOT dan di kisaran harga yang menengah dan berada di bagian utara kota",25,20,True
588,2,saya melihat beberapa opsi dari makanan thailand di bagian pusat dari kota . apakah anda ingin mengerucutkannya berdasarkan harga ? EOS_M iya tolong . saya ingin mendengar yang paling mahal terlebih dahulu .,makanan EOS_Z1,thailand mahal pusat EOS_Z1,name_SLOT is a nice restaurant in the area_SLOT area .,name_SLOT adalah satu-satunya hasil dan memiliki harga yang mahal .,34,11,True
639,2,kisaran harga berapa yang ingin kamu cari ? EOS_M kisaran harga berapa pun tidak apa apa .,makanan EOS_Z1,eropa tidak peduli tidak peduli EOS_Z1,name_SLOT is a nice restaurant in the area_SLOT area .,name_SLOT menyediakan makanan eropa . apakah ada yang bisa saya bantu lagi ?,18,14,True
586,2,"iya , terdapat enam pilihan . apakah bagian dari kota berpengaruh ? EOS_M saya tidak peduli .",makanan EOS_Z1,inggris mahal tidak peduli EOS_Z1,name_SLOT is a nice restaurant in the area_SLOT area .,saya bisa merekomendasikan name_SLOT di daerah area_SLOT . apakah kamu ingin informasi lebih lanjut ?,18,16,True
612,2,name_SLOT juga terletak di daerah utara dan dengan harga yang menengah . mereka menyediakan makanan food_SLOT . EOS_M bagus ! bisakah saya memiliki nomor telepon dan kodeposnya tolong ?,utara EOS_Z1,menengah utara EOS_Z1 phone postcode,name_SLOT is in the area_SLOT part of town .,name_SLOT terletak di address_SLOT . nomor teleponnya adalah phone_SLOT dan kode posnya adalah postcode_SLOT . apakah ada hal lain yang bisa saya bantu ?,30,25,True
567,2,name_SLOT adalah sebuah restoran italia yang bagus dengan kisaran harga yang menengah dan berada di daerah selatan . EOS_M apakah ada hal lainnya ?,bagian EOS_Z1,italia menengah selatan EOS_Z1,name_SLOT is in the area_SLOT .,name_SLOT adalah satu satunya restoran italia dalam kategori harga yang menengah di bagian selatan kota .,25,17,True
672,2,"iya , kami memiliki dua restoran italia di daerah selatan . apakah kamu lebih ingin harga yang pricerange_SLOT atau harga yang pricerange_SLOT ? EOS_M saya tidak memiliki pilihan . mohon sarannya .",makanan EOS_Z1,italia selatan tidak peduli EOS_Z1,name_SLOT is a nice restaurant in the area_SLOT area .,"name_SLOT adalah sebuah restoran italia , terletak di bagian selatan kota , dan berada di kisaran harga yang pricerange_SLOT . apakah kamu ingin alamat dan nomor teleponnya ?",33,29,True
571,2,opsi lainnya adalah name_SLOT . apakah anda ingin informasi lebih lanjut terkait restoran ? EOS_M apa nomor dan kode pos nya ?,yang EOS_Z1,perancis mahal EOS_Z1 phone postcode,name_SLOT is in the area_SLOT .,nomor teleponnya adalah phone_SLOT dan kode posnya adalah postcode_SLOT,23,10,True
597,2,"name_SLOT adalah sebuah restoran cina yang berada di timur kota . EOS_M tolong alamat , nomor telepon , dan nomor telepon",moderate EOS_Z1,cina timur EOS_Z1 address phone postcode,name_SLOT is a nice restaurant system .,name_SLOT berlokasi di address_SLOT dan nomor telepon mereka adalah phone_SLOT . kode pos mereka juga adalah postcode_SLOT . apakah ada hal lain yang bisa saya bantu ?,22,28,True
580,2,"tidak ada restoran yang sesuai dengan kriteria anda . apakah anda ingin mencoba area , rentang harga atau tipe makanan lain ? EOS_M apakah ada restoran di pusat yang menyediakan makanan bertipe amerika utara ?",corsica EOS_Z1,amerika utara tidak peduli pusat EOS_Z1,name_SLOT is a nice restaurant in the area_SLOT part of town .,iya . name_SLOT menyediakan makanan amerika utara dan berlokasi di bagian utara dari kota . apakah anda ingin lokasinya ?,36,21,True
562,2,name_SLOT akan menjadi satu-satunya pilihanmu di daerah utara . apakah kamu ingin alamat dan nomor telepon mereka ? EOS_M itu akan sangat bagus terimakasih !,makanan EOS_Z1,italia utara EOS_Z1 address phone,name_SLOT is a nice restaurant in the area_SLOT area .,name_SLOT berlokasi di address_SLOT dan nomornya adalah phone_SLOT . bisakah saya membantumu dengan lainnya ?,26,16,True
615,2,"iya , terdapat sebuah restoran food_SLOT yang mahal bernama name_SLOT . EOS_M berapa nomor telepon yang itu tolong ?",cheap EOS_Z1,mahal utara EOS_Z1 phone,name_SLOT is in the cheap price range .,nomor teleponnya adalah phone_SLOT .,20,6,True
622,2,"terdapat sebuah restoran food_SLOT dengan harga yang menengah di sisi timur , apakah kamu ingin alamatnya ? EOS_M iya tolong , bisakah saya memiliki alamat , nomor telepon , dan kodepos dari tempatnya ?",yang EOS_Z1,menengah timur EOS_Z1 address phone postcode,name_SLOT is a nice restaurant in the area_SLOT .,"alamat dari name_SLOT adalah address_SLOT , kodeposnya adalah postcode_SLOT . nomor teleponnya adalah phone_SLOT",35,15,True
553,2,apakah anda ingin mencoba tipe makanan yang berbeda ? EOS_M iya . apa restoran lain yang anda temukan ?,timur EOS_Z1,menengah timur EOS_Z1,name_SLOT is a nice restaurant in the area_SLOT part of town .,"terdapat juga name_SLOT , yang merupakan restoran food_SLOT , dan name_SLOT yang merupakan restoran food_SLOT .",20,17,True
552,2,"name_SLOT adalah restoran dengan harga yang menengah di bagian selatan dari kota . EOS_M tolong , apa alamatnya ?",selatan EOS_Z1,menengah selatan EOS_Z1 address,name_SLOT is in the selatan .,@ address .,20,4,True
546,2,kami memiliki empat restoran oriental asia di bagian pusat . berapa rentang harga yang anda inginkan ? EOS_M saya tidak peduli .,makanan oriental EOS_Z1,oriental asia pusat tidak peduli EOS_Z1,name_SLOT is a nice restaurant in the area_SLOT part of town .,name_SLOT menyediakan makanan oriental asia dan berlokasi di bagian pusat dari kota . rentang harganya juga pricerange_SLOT .,23,19,True
598,2,berapa rentang harga yang sedang anda cari ? EOS_M saya tidak peduli .,dari EOS_Z1,thailand tidak peduli pusat EOS_Z1,name_SLOT is a nice restaurant in the area_SLOT .,name_SLOT menyediakan makanan thailand di bagian pusat dari kota . apakah anda ingin informasi lebih lanjut terkait restoran ini ?,14,21,True
629,2,itu terletak di jalan <unk> 21-24 EOS_M apakah ini berada di bagian barat kota dan bisakah saya memiliki nomor teleponnya ?,terlalu EOS_Z1,menengah barat EOS_Z1 phone,name_SLOT is a nice restaurant in the area_SLOT .,name_SLOT berada di bagian barat kota . nomor teleponnya adalah phone_SLOT .,22,13,True
673,2,"tidak ada restoran maroko dengan harga yang menengah di daerah manapun . mungkin ada jenis makanan lain yang kamu minati ? EOS_M iya , bagaimana dengan makanan turki ?",yang EOS_Z1,turki menengah tidak peduli EOS_Z1,name_SLOT is a nice restaurant in the area_SLOT .,name_SLOT dan name_SLOT adalah turki .,30,7,True
547,2,"terdapat dua restoran yang tersedia , name_SLOT dan name_SLOT . satu berada di bagian area_SLOT dan yang lainnya berada di bagian area_SLOT . EOS_M saya tidak peduli",makanan EOS_Z1,portugal tidak peduli murah EOS_Z1,name_SLOT is in the area_SLOT .,bagaimana kalau name_SLOT ? itu adalah restoran murah di address_SLOT,28,11,True
646,2,iya . alamat mereka adalah address_SLOT 139 . EOS_M terimakasih . saya menginginkan kisaran harga mereka dan nomor teleponnya juga tolong .,barat EOS_Z1,barat EOS_Z1 phone pricerange,you 're welcome .,name_SLOT berada di kisaran harga yang pricerange_SLOT dan nomor teleponnya adalah phone_SLOT .,23,14,True
607,2,"name_SLOT menyediakan makanan portugal , berada di bagian area_SLOT kota dan berada di kisaran harga yang pricerange_SLOT . apakah kamu menginginkan lokasi mereka ? EOS_M iya , tolong nomor telepon dan alamatnya .",halal EOS_Z1,portugal EOS_Z1 address phone,name_SLOT is a nice restaurant in the area_SLOT .,"nomor telepon mereka adalah phone_SLOT dan alamat mereka adalah address_SLOT , apakah ada hal lain yang dapat saya bantu ?",34,21,True
675,3,alamatnya adalah address_SLOT dan nomornya adalah phone_SLOT . EOS_M terima kasih sampai jumpa .,moderate EOS_Z1,italia utara EOS_Z1,you 're welcome .,sampai jumpa .,15,4,True
551,3,"bagaimana kalau name_SLOT . tempat ini terletak di bagian timur dari kota dan menyediakan makanan cina . EOS_M oke , apakah saya boleh mendapatkan alamat , nomor telepon , dan kode pos ?",menyajikan EOS_Z1,cina tidak peduli timur EOS_Z1 address phone postcode,name_SLOT is in the menyajikan .,"alamatnya adalah address_SLOT , kode posnya adalah postcode_SLOT dan nomor teleponnya adalah phone_SLOT .",34,15,True
548,3,nomornya mereka adalah phone_SLOT . EOS_M baik terima kasih selamat tinggal,makanan EOS_Z1,eropa menengah EOS_Z1,you 're welcome .,terima kasih . sampai jumpa,12,6,True
561,3,name_SLOT menyediakan makanan food_SLOT dengan rentang harga yang murah dan terletak di bagian utara dari kota . EOS_M itu terdengar bagus . apa alamat mereka ?,utara EOS_Z1,tidak peduli murah utara EOS_Z1 address,name_SLOT is in the area_SLOT part of town .,alamatnya name_SLOT adalah address_SLOT,27,5,True
603,3,"terdapat name_SLOT , yang menyediakan makanan food_SLOT dan di kisaran harga yang menengah dan berada di bagian utara kota EOS_M itu terdengar bagus . apa nomor telepon mereka ?",yang EOS_Z1,menengah utara tidak peduli EOS_Z1 phone,name_SLOT is a nice restaurant in the area_SLOT .,nomornya adalah phone_SLOT .,30,5,True
588,3,name_SLOT adalah satu-satunya hasil dan memiliki harga yang mahal . EOS_M apa alamat dan nomornya ?,makanan EOS_Z1,thailand pusat mahal EOS_Z1 address phone,name_SLOT is in the area_SLOT area .,"alamat dari name_SLOT adalah green street city center nomor 24 , dan nomor teleponnya adalah phone_SLOT . apakah ada hal lain yang bisa saya bantu ?",17,27,True
639,3,name_SLOT menyediakan makanan eropa . apakah ada yang bisa saya bantu lagi ? EOS_M bisakah saya memiliki nomor telepon dan kodepos untuk restoran tersebut ?,makanan EOS_Z1,eropa tidak peduli tidak peduli EOS_Z1 phone postcode,name_SLOT is a nice restaurant in the area_SLOT part of town .,nomor teleponnya adalah phone_SLOT dan kodeposnya adalah postcode_SLOT . apakah ada hal yang lain ?,26,16,True
586,3,saya bisa merekomendasikan name_SLOT di daerah area_SLOT . apakah kamu ingin informasi lebih lanjut ? EOS_M bolehkah saya meminta nomornya ?,makanan EOS_Z1,inggris mahal tidak peduli EOS_Z1 phone,name_SLOT is in the area_SLOT part of town .,nomor telepon mereka adalah phone_SLOT . apakah ada hal lain yang dapat saya bantu ?,22,16,True
612,3,name_SLOT terletak di address_SLOT . nomor teleponnya adalah phone_SLOT dan kode posnya adalah postcode_SLOT . apakah ada hal lain yang bisa saya bantu ? EOS_M itu saja yang saya perlukan . terimakasih .,utara EOS_Z1,menengah utara EOS_Z1,name_SLOT is a nice restaurant in the area_SLOT .,terimakasih telah menggunakan sistem ini dan silahkan hubungi kami lagi . selamat tinggal .,34,15,True
567,3,"name_SLOT adalah satu satunya restoran italia dalam kategori harga yang menengah di bagian selatan kota . EOS_M tolong bisakah saya mendapatkan alamat , nomor telepon dan kodepos ?",bagian EOS_Z1,italia menengah selatan EOS_Z1 address phone postcode,name_SLOT is in the area_SLOT .,nomor telepon dari name_SLOT adalah phone_SLOT dan mereka terletak di address_SLOT . kodepos nya adalah postcode_SLOT,29,17,True
672,3,"name_SLOT adalah sebuah restoran italia , terletak di bagian selatan kota , dan berada di kisaran harga yang pricerange_SLOT . apakah kamu ingin alamat dan nomor teleponnya ? EOS_M dan kodepos ?",makanan EOS_Z1,italia selatan tidak peduli EOS_Z1 address phone postcode,name_SLOT is in the area_SLOT part of town .,"kodeposnya adalah postcode_SLOT , nomor teleponnya adalah phone_SLOT , dan alamatnya adalah address_SLOT .",33,15,True
571,3,nomor teleponnya adalah phone_SLOT dan kode posnya adalah postcode_SLOT EOS_M terima kasih sampai jumpa .,yang EOS_Z1,perancis mahal EOS_Z1,you 're welcome .,"selamat menikmati makanan anda , sampai jumpa .",16,9,True
597,3,"name_SLOT berlokasi di address_SLOT dan nomor telepon mereka adalah phone_SLOT . kode pos mereka juga adalah postcode_SLOT . apakah ada hal lain yang bisa saya bantu ? EOS_M tidak , terima kasih , selamat tinggal .",moderate EOS_Z1,cina timur EOS_Z1,name_SLOT is a nice restaurant .,terima kasih .,37,4,True
580,3,iya . name_SLOT menyediakan makanan amerika utara dan berlokasi di bagian utara dari kota . apakah anda ingin lokasinya ? EOS_M bisakah saya memiliki nomor teleponnya ?,corsica EOS_Z1,amerika utara tidak peduli pusat EOS_Z1 phone,name_SLOT is in the area_SLOT .,nomornya name_SLOT adalah phone_SLOT .,28,6,True
562,3,"name_SLOT berlokasi di address_SLOT dan nomornya adalah phone_SLOT . bisakah saya membantumu dengan lainnya ? EOS_M itu saja , sampai jumpa",makanan EOS_Z1,italia utara EOS_Z1,you 're welcome .,"terima kasih , sampai jumpa .",22,7,True
615,3,nomor teleponnya adalah phone_SLOT . EOS_M apa nomornya ?,cheap EOS_Z1,mahal utara EOS_Z1 phone,name_SLOT is in the cheap price range .,nomor telepon dari name_SLOT adalah phone_SLOT . apa lagi yang bisa saya bantu ?,10,15,True
622,3,"alamat dari name_SLOT adalah address_SLOT , kodeposnya adalah postcode_SLOT . nomor teleponnya adalah phone_SLOT EOS_M terima kasih .",yang EOS_Z1,menengah timur EOS_Z1,you 're welcome .,sama sama . adakah hal lain yang dapat saya bantu carikan ?,19,13,True
553,3,"terdapat juga name_SLOT , yang merupakan restoran food_SLOT , dan name_SLOT yang merupakan restoran food_SLOT . EOS_M bisakah saya meminta alamat dari pizza hut fen ditton .",timur EOS_Z1,menengah timur EOS_Z1 address,name_SLOT is a nice restaurant in the area_SLOT .,alamat mereka adalah address_SLOT,28,5,True
552,3,@ address . EOS_M terima kasih . bisakah saya meminta nomor teleponnya juga ?,selatan EOS_Z1,menengah selatan EOS_Z1 phone,name_SLOT is in the area_SLOT part of town .,nomor telepon name_SLOT adalah phone_SLOT,15,6,True
546,3,name_SLOT menyediakan makanan oriental asia dan berlokasi di bagian pusat dari kota . rentang harganya juga pricerange_SLOT . EOS_M apa nomornya ?,makanan EOS_Z1,oriental asia pusat tidak peduli EOS_Z1 phone,name_SLOT is in the area_SLOT part of town .,nomor telepon dari name_SLOT adalah phone_SLOT . apakah anda ingin informasi lebih lanjut ?,23,15,True
598,3,"name_SLOT menyediakan makanan thailand di bagian pusat dari kota . apakah anda ingin informasi lebih lanjut terkait restoran ini ? EOS_M bisakah saya mendapatkan alamat dan nomornya , tolong ?",dari EOS_Z1,thailand tidak peduli pusat EOS_Z1 address phone,name_SLOT is a nice restaurant in the area_SLOT .,alamat dari name_SLOT adalah address_SLOT dan nomor teleponnya adalah phone_SLOT,31,11,True
629,3,"name_SLOT berada di bagian barat kota . nomor teleponnya adalah phone_SLOT . EOS_M jenis makanan apa yang mereka sajikan ? dan untuk memperjelas , ini harganya yang menengah , benar ?",terlalu EOS_Z1,menengah barat EOS_Z1 food,name_SLOT is a nice terlalu restaurant in the area_SLOT .,name_SLOT adalah sebuah restoran food_SLOT di daerah barat yang menengah harganya .,32,13,True
673,3,name_SLOT dan name_SLOT adalah turki . EOS_M bisakah saya mendapatkan alamat dari anatolia ?,yang EOS_Z1,turki menengah tidak peduli EOS_Z1 address,name_SLOT is in the yang .,alamatnya adalah address_SLOT .,15,5,True
547,3,bagaimana kalau name_SLOT ? itu adalah restoran murah di address_SLOT EOS_M terdengar sempurna ! apa alamat mereka ?,makanan EOS_Z1,portugal murah tidak peduli EOS_Z1 address,name_SLOT is in the area_SLOT part of town .,"alamatnya adalah address_SLOT , postcode_SLOT .",19,7,True
646,3,name_SLOT berada di kisaran harga yang pricerange_SLOT dan nomor teleponnya adalah phone_SLOT . EOS_M terima kasih sampai jumpa .,barat EOS_Z1,barat EOS_Z1,you 're welcome .,sama sama . sampai jumpa .,20,7,True
607,3,"nomor telepon mereka adalah phone_SLOT dan alamat mereka adalah address_SLOT , apakah ada hal lain yang dapat saya bantu ? EOS_M tidak terimakasih , itu semua yang perlu saya ketahui . semoga harimu menyenangkan .",halal EOS_Z1,portugal EOS_Z1,name_SLOT is a nice restaurant in the area_SLOT .,terima kasih,36,3,True
675,4,sampai jumpa . EOS_M sampai jumpa .,moderate EOS_Z1,italia utara EOS_Z1,name_SLOT is a nice restaurant .,selamat malam .,8,4,True
551,4,"alamatnya adalah address_SLOT , kode posnya adalah postcode_SLOT dan nomor teleponnya adalah phone_SLOT . EOS_M terima kasih sampai jumpa .",menyajikan EOS_Z1,cina tidak peduli timur EOS_Z1,you 're welcome .,sampai jumpa,21,3,True
548,4,terima kasih . sampai jumpa EOS_M terima kasih sampai jumpa .,makanan EOS_Z1,eropa menengah EOS_Z1,name_SLOT is a nice restaurant in the area_SLOT area .,sama sama . sampai jumpa .,12,7,True
561,4,"alamatnya name_SLOT adalah address_SLOT EOS_M terima kasih banyak , selamat tinggal",utara EOS_Z1,tidak peduli murah utara EOS_Z1,you 're welcome .,selamat menikmati !,12,4,True
603,4,"nomornya adalah phone_SLOT . EOS_M terima kasih , sampai jumpa",yang EOS_Z1,tidak peduli menengah utara EOS_Z1,you 're welcome .,sama sama . selamat tinggal .,11,7,True
588,4,"alamat dari name_SLOT adalah green street city center nomor 24 , dan nomor teleponnya adalah phone_SLOT . apakah ada hal lain yang bisa saya bantu ? EOS_M terima kasih , sampai jumpa",makanan EOS_Z1,thailand pusat mahal EOS_Z1,name_SLOT is a nice makanan restaurant in the area_SLOT .,semoga harimu menyenangkan !,33,5,True
639,4,"nomor teleponnya adalah phone_SLOT dan kodeposnya adalah postcode_SLOT . apakah ada hal yang lain ? EOS_M tidak , terima kasih .",makanan EOS_Z1,eropa tidak peduli tidak peduli EOS_Z1,name_SLOT is a nice makanan restaurant .,terima kasih .,22,4,True
586,4,nomor telepon mereka adalah phone_SLOT . apakah ada hal lain yang dapat saya bantu ? EOS_M terima kasih sampai jumpa .,makanan EOS_Z1,inggris mahal tidak peduli EOS_Z1,name_SLOT is a nice makanan restaurant in the area_SLOT area .,sama sama . sampai jumpa .,22,7,True
612,4,terimakasih telah menggunakan sistem ini dan silahkan hubungi kami lagi . selamat tinggal . EOS_M selamat tinggal,utara EOS_Z1,menengah utara EOS_Z1,name_SLOT is a nice restaurant in the area_SLOT .,terimakasih telah menggunakan sistem dari restoran cambridge . selamat tinggal .,18,12,True
567,4,"nomor telepon dari name_SLOT adalah phone_SLOT dan mereka terletak di address_SLOT . kodepos nya adalah postcode_SLOT EOS_M terima kasih , sampai jumpa",bagian EOS_Z1,italia menengah selatan EOS_Z1,you 're welcome .,semoga harimu menyenangkan .,23,5,True
672,4,"kodeposnya adalah postcode_SLOT , nomor teleponnya adalah phone_SLOT , dan alamatnya adalah address_SLOT . EOS_M bagus , terimakasih",makanan EOS_Z1,italia selatan tidak peduli EOS_Z1,you 're welcome . good bye .,"terima kasih , semoga harimu menyenangkan !",19,8,True
571,4,"selamat menikmati makanan anda , sampai jumpa . EOS_M sampai jumpa .",yang EOS_Z1,perancis mahal EOS_Z1,name_SLOT is in the area_SLOT .,terima kasih dan semoga harimu menyenangkan !,13,8,True
597,4,terima kasih . EOS_M sampai jumpa .,moderate EOS_Z1,cina timur EOS_Z1,name_SLOT is a nice restaurant .,nikmati makananmu .,8,4,True
580,4,nomornya name_SLOT adalah phone_SLOT . EOS_M terima kasih . sampai jumpa .,corsica EOS_Z1,amerika utara tidak peduli pusat EOS_Z1,you 're welcome . goodbye .,terima kasih telah menggunakan sistem restoran cambridge . sampai jumpa .,13,12,True
562,4,"terima kasih , sampai jumpa . EOS_M terimakasih !",makanan EOS_Z1,italia utara EOS_Z1,you 're welcome . good bye .,sama sama .,10,4,True
615,4,nomor telepon dari name_SLOT adalah phone_SLOT . apa lagi yang bisa saya bantu ? EOS_M sudah cukup . terima kasih .,cheap EOS_Z1,mahal utara EOS_Z1,name_SLOT is a cheap restaurant in the cheap price range .,dengan senang hati . sampai jumpa .,22,8,True
622,4,"sama sama . adakah hal lain yang dapat saya bantu carikan ? EOS_M itu saja , terimakasih . selamat tinggal .",yang EOS_Z1,menengah timur EOS_Z1,name_SLOT is a nice restaurant in the area_SLOT .,terima kasih sudah menelepon . selamat tinggal .,22,9,True
553,4,alamat mereka adalah address_SLOT EOS_M terima kasih sampai jumpa,timur EOS_Z1,menengah timur EOS_Z1,name_SLOT is a nice restaurant .,terima kasih sampai jumpa .,10,6,True
552,4,"nomor telepon name_SLOT adalah phone_SLOT EOS_M terima kasih , sampai jumpa",selatan EOS_Z1,menengah selatan EOS_Z1,you 're welcome .,sama sama sampai jumpa,12,5,True
546,4,"nomor telepon dari name_SLOT adalah phone_SLOT . apakah anda ingin informasi lebih lanjut ? EOS_M tidak , terima kasih , itu cukup . terima kasih dan selamat tinggal !",makanan EOS_Z1,oriental asia pusat tidak peduli EOS_Z1,name_SLOT is a nice restaurant in the area_SLOT .,sama sama . sampai jumpa .,30,7,True
598,4,"alamat dari name_SLOT adalah address_SLOT dan nomor teleponnya adalah phone_SLOT EOS_M terima kasih , sampai jumpa",dari EOS_Z1,thailand tidak peduli pusat EOS_Z1,you 're welcome .,"tidak , terima kasih ! selamat menikmati !",17,9,True
629,4,name_SLOT adalah sebuah restoran food_SLOT di daerah barat yang menengah harganya . EOS_M terima kasih sampai jumpa .,terlalu EOS_Z1,menengah barat EOS_Z1,name_SLOT is a nice terlalu restaurant in the area_SLOT .,"sama -sama , sampai jumpa .",19,7,True
673,4,alamatnya adalah address_SLOT . EOS_M terima kasih sampai jumpa .,yang EOS_Z1,turki menengah tidak peduli EOS_Z1,you 're welcome .,sama sama . sampai jumpa .,11,7,True
547,4,"alamatnya adalah address_SLOT , postcode_SLOT . EOS_M terima kasih dan sampai jumpa !",makanan EOS_Z1,portugal murah tidak peduli EOS_Z1,you 're welcome .,sampai jumpa .,14,4,True
646,4,sama sama . sampai jumpa . EOS_M sampai jumpa .,barat EOS_Z1,barat EOS_Z1,name_SLOT is a nice barat restaurant .,nikmati pengalaman bersantap kamu .,11,6,True
607,4,terima kasih EOS_M sampai jumpa .,halal EOS_Z1,portugal EOS_Z1,name_SLOT is in the area_SLOT .,sampai jumpa .,7,4,True
545,0,saya mencari sebuah restoran di bagian barat kota .,barat EOS_Z1,barat EOS_Z1,there are no barat restaurants in the city .,terdapat empat belas restoran di daerah barat . apakah kamu mencari masakan tertentu ?,10,15,True
664,0,saya mencari sebuah restoran denmark,restoran EOS_Z1,denmark EOS_Z1,there are no restoran restaurants .,tidak ada restoran denmark yang terdaftar . bolehkah saya mengarahkan kamu ke restoran yang lain ?,6,17,True
625,0,saya ingin sebuah restoran di ujung barat kota .,barat EOS_Z1,barat EOS_Z1,there are no barat restaurants in the city .,ok. apakah kamu mencari jenis makanan tertentu ?,10,9,True
669,0,tolong sebuah restoran mahal,restoran EOS_Z1,mahal EOS_Z1,there are no restoran restaurants .,apakah kamu memiliki daerah kota atau jenis masakan dalam pikiran ?,5,12,True
584,0,bisakah anda merekomendasikan restoran yang enak di bagian utara dari kota yang menyediakan makanan australasia,menyediakan EOS_Z1,australasia utara EOS_Z1,there are no menyediakan restaurants in the city .,tidak ada restoran yang sesuai dengan permintaan anda . bisakah saya membantu anda mencari restoran yang berbeda ?,16,19,True
620,0,saya sedang mencari restoran di bagian selatan dari kota dengan harga yang murah .,yang EOS_Z1,murah selatan EOS_Z1,there are no yang restaurants in the city .,saya memiliki dua restoran yang memenuhi kebutuhan kamu . apakah kamu memiliki preferensi makanan ?,15,16,True
631,0,halo . bisakah kamu membantu saya mencarikan sebuah restoran yang murah di sisi barat kota ?,barat EOS_Z1,murah barat EOS_Z1,there are no barat restaurants in the area_SLOT .,tipe makanan apa yang kamu inginkan ?,17,8,True
582,0,"saya sedang berada di bagian timur dari kota , dan saya ingin mencari restoran skandinavia di sekitar sini .",sekitar EOS_Z1,skandinavia timur EOS_Z1,there are no sekitar restaurants in the city .,tidak ada tempat yang menjual makanan skandinavia di bagian timur dari kota .,20,14,True
576,0,saya menginginkan restoran yang menengah yang berada di selatan kota,di EOS_Z1,menengah selatan EOS_Z1,there are no di restaurants in the city .,saya memilki 2 restoran . keduanya adalah name_SLOT dan name_SLOT .,11,12,True
570,0,"hai , saya mencari restoran yang menyediakan makanan internasional .",makanan EOS_Z1,internasional EOS_Z1,there are no makanan restaurants . would you like their phone number ?,saya menunjukkan tiga restoran yang sesuai dengan deskripsi tersebut . apakah anda tertarik pada area atau rentang harga tertentu ?,11,21,True
617,0,saya ingin mencari sebuah restoran yang menyediakan makanan corsica tolong .,corsica EOS_Z1,corsica EOS_Z1,there are no restaurants serving corsica food .,kami tidak memiliki hasil yang cocok .,12,8,True
545,1,terdapat empat belas restoran di daerah barat . apakah kamu mencari masakan tertentu ? EOS_M saya ingin makanan natal .,barat EOS_Z1,natal barat EOS_Z1,name_SLOT is a nice restaurant in the area_SLOT area .,"maafkan saya , tidak ada restoran yang menyediakan makanan natal yang terdaftar . apakah kamu ingin mencoba jenis makanan yang berbeda ?",21,23,True
664,1,tidak ada restoran denmark yang terdaftar . bolehkah saya mengarahkan kamu ke restoran yang lain ? EOS_M bagaimana dengan makanan amerika utara ?,restoran EOS_Z1,amerika utara EOS_Z1,name_SLOT is a nice restaurant in the area_SLOT part of town .,"terdapat satu daftar untuk makanan amerika utara , name_SLOT di bagian utara kota .",24,15,True
625,1,ok. apakah kamu mencari jenis makanan tertentu ? EOS_M saya tidak peduli .,barat EOS_Z1,tidak peduli barat EOS_Z1,name_SLOT is a nice restaurant in the area_SLOT area .,apakah kamu mencari kisaran harga tertentu ?,14,8,True
669,1,apakah kamu memiliki daerah kota atau jenis masakan dalam pikiran ? EOS_M saya sedang memikirkan makanan catalonia,restoran EOS_Z1,katalan mahal EOS_Z1,name_SLOT is a nice restaurant in the area_SLOT area .,tidak ada restoran catalan yang mahal . dapatkah saya membantumu menemukan hal lain ?,18,15,True
584,1,tidak ada restoran yang sesuai dengan permintaan anda . bisakah saya membantu anda mencari restoran yang berbeda ? EOS_M bagaimana kalau makanan india ?,menyediakan EOS_Z1,india utara EOS_Z1,name_SLOT is a nice restaurant in the area_SLOT .,terdapat dua restoran india di bagian utara dari kota . berapa rentang harga yang sedang anda cari ?,25,19,True
620,1,saya memiliki dua restoran yang memenuhi kebutuhan kamu . apakah kamu memiliki preferensi makanan ? EOS_M saya ingin makanan italia .,yang EOS_Z1,italia murah selatan EOS_Z1,name_SLOT is a nice restaurant in the area_SLOT .,"maafkan saya , tidak ada restoran yang sesuai dengan permintaanmu . apakah kamu ingin mencoba hal yang lain ?",22,20,True
631,1,tipe makanan apa yang kamu inginkan ? EOS_M saya ingin makanan india .,barat EOS_Z1,india murah barat EOS_Z1,name_SLOT is a nice restaurant in the area_SLOT area .,saya tidak memiliki yang cocok dengan permintaanmu . apakah kamu ingin untuk mencoba bagian kota yang lain atau jenis masakan yang berbeda ?,14,24,True
582,1,tidak ada tempat yang menjual makanan skandinavia di bagian timur dari kota . EOS_M bagaimana kalau makanan india . berikan saya alamat dan nomor teleponnnya .,sekitar EOS_Z1,india timur EOS_Z1 address phone,there are no sekitar restaurants . would you like their location ?,terdapat empat restoran di bagian timur dari kota yang menyediakan makanan india . berapa rentang harga yang anda inginkan ?,27,21,True
576,1,saya memilki 2 restoran . keduanya adalah name_SLOT dan name_SLOT . EOS_M apa saja tipe makanan yang masing-masing dari mereka sediakana ?,sediakana EOS_Z1,menengah selatan EOS_Z1 food,name_SLOT is in the sediakana .,"name_SLOT adalah restoran food_SLOT , dan name_SLOT adalah restoran food_SLOT . apakah anda ingin informasi dari salah satunya ?",23,20,True
570,1,"saya menunjukkan tiga restoran yang sesuai dengan deskripsi tersebut . apakah anda tertarik pada area atau rentang harga tertentu ? EOS_M tidak , harga berapapun tidak akan jadi masalah . bisakah anda merekomendasikan salah satu restorannya ?",makanan EOS_Z1,internasional tidak peduli EOS_Z1,name_SLOT is a nice restaurant in the area_SLOT part of town .,name_SLOT adalah restoran internasional di area area_SLOT .,38,9,True
617,1,kami tidak memiliki hasil yang cocok . EOS_M bagaimana dengan pub gastronomi ?,corsica EOS_Z1,pub gastronomi EOS_Z1,name_SLOT is in the corsica restaurant in the area_SLOT .,bagian kota mana yang kamu suka ?,14,8,True
545,2,"maafkan saya , tidak ada restoran yang menyediakan makanan natal yang terdaftar . apakah kamu ingin mencoba jenis makanan yang berbeda ? EOS_M bagaimana dengan makanan inggris ?",barat EOS_Z1,inggris barat EOS_Z1,name_SLOT is a nice restaurant in the area_SLOT part of town .,terdapat tiga restoran inggris di daerah barat . apakah kamu ingin kisaran harga yang pricerange_SLOT atau yang pricerange_SLOT ?,29,20,True
664,2,"terdapat satu daftar untuk makanan amerika utara , name_SLOT di bagian utara kota . EOS_M berapa nomor telepon dan kodepos mereka ?",restoran EOS_Z1,amerika utara EOS_Z1 phone postcode,name_SLOT is in the area_SLOT part of town .,"kodepos : postcode_SLOT , nomor teleponnya adalah phone_SLOT",23,9,True
625,2,apakah kamu mencari kisaran harga tertentu ? EOS_M restoran dengan harga yang menengah akan bagus .,barat EOS_Z1,tidak peduli menengah barat EOS_Z1,name_SLOT is a nice restaurant in the area_SLOT area .,apakah kamu memiliki preferensi untuk masakan ?,17,8,True
669,2,tidak ada restoran catalan yang mahal . dapatkah saya membantumu menemukan hal lain ? EOS_M apakah ada restoran catalonia kelas menengah ?,restoran EOS_Z1,katalan menengah EOS_Z1,name_SLOT is a nice restaurant in the area_SLOT area .,iya . jenis makanan apa yang kamu inginkan ?,23,10,True
584,2,terdapat dua restoran india di bagian utara dari kota . berapa rentang harga yang sedang anda cari ? EOS_M apa saja harga dari 2 restoran yang tersedia ?,menyediakan 2 EOS_Z1,india utara EOS_Z1 pricerange,name_SLOT is a nice restaurant in the area_SLOT part of town .,salah satunya itu pricerange_SLOT dan yang lainnya memiliki harga pricerange_SLOT .,29,12,True
620,2,"maafkan saya , tidak ada restoran yang sesuai dengan permintaanmu . apakah kamu ingin mencoba hal yang lain ? EOS_M saya tidak peduli .",yang EOS_Z1,tidak peduli murah selatan EOS_Z1,name_SLOT is a nice restaurant in the area_SLOT .,name_SLOT adalah restoran yang murah di bagian selatan kota yang menyediakan makanan food_SLOT . apakah kamu ingin nomor telepon mereka ?,25,22,True
631,2,"saya tidak memiliki yang cocok dengan permintaanmu . apakah kamu ingin untuk mencoba bagian kota yang lain atau jenis masakan yang berbeda ? EOS_M makanan jenis apapun , hanya yang murah di bagian barat kota .",barat EOS_Z1,tidak peduli murah barat EOS_Z1,name_SLOT is a nice restaurant in the area_SLOT .,bagaimana dengan name_SLOT ? mereka menyediakan food_SLOT .,37,9,True
582,2,terdapat empat restoran di bagian timur dari kota yang menyediakan makanan india . berapa rentang harga yang anda inginkan ? EOS_M tidak penting,sekitar EOS_Z1,india tidak peduli timur EOS_Z1,name_SLOT is a nice restaurant in the area_SLOT .,name_SLOT merupakan sebuah restoran yang pricerange_SLOT di timur kota yang menyediakan makanan india .,24,15,True
576,2,"name_SLOT adalah restoran food_SLOT , dan name_SLOT adalah restoran food_SLOT . apakah anda ingin informasi dari salah satunya ? EOS_M iya , apa alamat dan nomor teleponnya pizza hut cherry hinton ?",sediakana EOS_Z1,menengah selatan EOS_Z1 address phone,name_SLOT is a nice restaurant in the sediakana .,alamat dari name_SLOT adalah address_SLOT dan nomor teleponnya adalah phone_SLOT,33,11,True
570,2,"name_SLOT adalah restoran internasional di area area_SLOT . EOS_M hmm , saya tidak terlalu suka makanan disana . apakah ada yang lain ?",makanan EOS_Z1,internasional tidak peduli EOS_Z1,name_SLOT is in the area_SLOT part of town .,name_SLOT adalah restoran lain disana .,24,7,True
617,2,bagian kota mana yang kamu suka ? EOS_M saya tidak peduli,corsica EOS_Z1,pub gastronomi tidak peduli EOS_Z1,name_SLOT is a nice restaurant in the area_SLOT .,apakah kisaran harga penting untukmu ?,12,7,True
545,3,terdapat tiga restoran inggris di daerah barat . apakah kamu ingin kisaran harga yang pricerange_SLOT atau yang pricerange_SLOT ? EOS_M salah satunya boleh .,barat EOS_Z1,inggris tidak peduli barat EOS_Z1,name_SLOT is a nice restaurant in the area_SLOT area .,"name_SLOT adalah sebuah restoran yang pricerange_SLOT yang menyediakan makanan inggris di daerah barat . apakah kamu ingin nomor telepon , alamat , atau kodepos nya ?",25,27,True
664,3,"kodepos : postcode_SLOT , nomor teleponnya adalah phone_SLOT EOS_M apakah ada hal lainnya ?",restoran EOS_Z1,amerika utara EOS_Z1,name_SLOT is in the area_SLOT .,hanya itu satu-satunya restoran yang menyediakan makanan amerika utara .,15,11,True
625,3,apakah kamu memiliki preferensi untuk masakan ? EOS_M tidak ada pilihan,barat EOS_Z1,tidak peduli menengah barat EOS_Z1,name_SLOT is a nice restaurant in the area_SLOT area .,bagaimana dengan name_SLOT ? mereka menyediakan makanan food_SLOT dengan harga yang menengah di sisi barat kota .,12,18,True
669,3,iya . jenis makanan apa yang kamu inginkan ? EOS_M bagaimana dengan italia ?,restoran EOS_Z1,italia menengah EOS_Z1,name_SLOT is in the area_SLOT part of town .,name_SLOT adalah sebuah restoran italia di kisaran harga yang menengah .,15,12,True
584,3,salah satunya itu pricerange_SLOT dan yang lainnya memiliki harga pricerange_SLOT . EOS_M berikan saya alamat dari harga yang menengah .,menyediakan EOS_Z1,india menengah utara EOS_Z1 address,name_SLOT is a nice restaurant in the area_SLOT .,name_SLOT berlokasi di jalan milton chesterton 7 .,21,9,True
620,3,"name_SLOT adalah restoran yang murah di bagian selatan kota yang menyediakan makanan food_SLOT . apakah kamu ingin nomor telepon mereka ? EOS_M iya , saya juga butuh alamat mereka .",yang EOS_Z1,tidak peduli murah selatan EOS_Z1 address,name_SLOT is a nice restaurant in the area_SLOT .,alamat mereka adalah address_SLOT . apakah kamu juga menginginkan nomor teleponnya ?,31,13,True
631,3,bagaimana dengan name_SLOT ? mereka menyediakan food_SLOT . EOS_M apakah ada hal lainnya ?,barat EOS_Z1,tidak peduli murah barat EOS_Z1,name_SLOT is in the area_SLOT .,name_SLOT terletak di bagian barat kota dan berada di kisaran harga yang murah . apakah kamu menginginkan informasi mereka ?,15,21,True
582,3,name_SLOT merupakan sebuah restoran yang pricerange_SLOT di timur kota yang menyediakan makanan india . EOS_M bisakah saya meminta nomor teleponnya ?,sekitar EOS_Z1,india tidak peduli timur EOS_Z1 phone,name_SLOT is in the area_SLOT .,nomor telepon dari name_SLOT adalah phone_SLOT . apakah ada hal lain yang bisa saya bantu ?,22,17,True
576,3,alamat dari name_SLOT adalah address_SLOT dan nomor teleponnya adalah phone_SLOT EOS_M jenis masakan apa yang mereka sajikan ?,sediakana EOS_Z1,menengah selatan EOS_Z1 food,name_SLOT is in the sediakana .,mereka menyediakan makanan food_SLOT . bisakah saya membantu anda dengan hal lain ?,19,14,True
570,3,"name_SLOT adalah restoran lain disana . EOS_M bisakah saya mendapatkan alamat dan nomornya , tolong ?",makanan EOS_Z1,internasional tidak peduli EOS_Z1 address phone,name_SLOT is in the makanan .,name_SLOT berlokasi di address_SLOT dan nomornya adalah phone_SLOT .,17,10,True
617,3,"apakah kisaran harga penting untukmu ? EOS_M tidak , apapun yang dapat kamu temukan itu bagus .",corsica EOS_Z1,pub gastronomi tidak peduli tidak peduli EOS_Z1,name_SLOT is a nice restaurant in the area_SLOT .,"terdapat empat hasil yang sesuai dengan pertanyaanmu : name_SLOT , name_SLOT , name_SLOT , dan name_SLOT .",18,18,True
545,4,"name_SLOT adalah sebuah restoran yang pricerange_SLOT yang menyediakan makanan inggris di daerah barat . apakah kamu ingin nomor telepon , alamat , atau kodepos nya ? EOS_M saya ingin alamat dan nomor telepon .",barat EOS_Z1,inggris tidak peduli barat EOS_Z1 address phone,name_SLOT is a nice restaurant in the area_SLOT .,alamatnya adalah address_SLOT dan nomor teleponnya adalah phone_SLOT,35,9,True
664,4,hanya itu satu-satunya restoran yang menyediakan makanan amerika utara . EOS_M bisakah kamu memberi saya nomor telepon dan kodepos nya ?,restoran EOS_Z1,amerika utara EOS_Z1 phone postcode,name_SLOT is a nice restaurant in the area_SLOT part of town .,nomor teleponnya adalah phone_SLOT dan kodeposnya adalah postcode_SLOT,22,9,True
625,4,bagaimana dengan name_SLOT ? mereka menyediakan makanan food_SLOT dengan harga yang menengah di sisi barat kota . EOS_M bisakah saya memiliki alamat dan nomor telepon mereka ?,barat EOS_Z1,tidak peduli menengah barat EOS_Z1 address phone,name_SLOT is a nice restaurant in the area_SLOT area .,"alamat dari name_SLOT adalah @ address , nomor telepon mereka adalah phone_SLOT .",28,14,True
669,4,"name_SLOT adalah sebuah restoran italia di kisaran harga yang menengah . EOS_M bagus , apa alamat , nomor telepon dan daerah mereka ?",restoran EOS_Z1,italia menengah EOS_Z1 address area phone,name_SLOT is in the restoran .,name_SLOT terletak di jalan <unk> 21-24. nomor teleponnya adalah phone_SLOT dan berada di daerah area_SLOT . apakah ada hal lain yang dapat saya bantu ?,24,26,True
584,4,name_SLOT berlokasi di jalan milton chesterton 7 . EOS_M apa nomornya ?,menyediakan EOS_Z1,india utara menengah EOS_Z1 phone,name_SLOT is in the menyediakan .,nomornya name_SLOT adalah phone_SLOT . adakah hal lainnya yang dapat saya bantu ?,13,14,True
620,4,"alamat mereka adalah address_SLOT . apakah kamu juga menginginkan nomor teleponnya ? EOS_M iya , tolong beri saya nomor mereka .",yang EOS_Z1,tidak peduli murah selatan EOS_Z1 phone,name_SLOT is a nice restaurant in the area_SLOT .,nomornya name_SLOT adalah phone_SLOT . adakah hal lainnya yang dapat saya bantu ?,22,14,True
631,4,"name_SLOT terletak di bagian barat kota dan berada di kisaran harga yang murah . apakah kamu menginginkan informasi mereka ? EOS_M iya , tolong beri saya alamat dan nomor telepon mereka .",barat EOS_Z1,tidak peduli murah barat EOS_Z1 address phone,name_SLOT is a nice restaurant in the area_SLOT .,name_SLOT terletak di address_SLOT dan nomor teleponnya adalah phone_SLOT . apakah ada hal lain yang dapat saya bantu untukmu ?,33,21,True
582,4,nomor telepon dari name_SLOT adalah phone_SLOT . apakah ada hal lain yang bisa saya bantu ? EOS_M saya membutuhkan alamatnya .,sekitar EOS_Z1,india tidak peduli timur EOS_Z1 address,name_SLOT is in the area_SLOT .,"tentunya , itu berlokasi di address_SLOT , postcode_SLOT",22,9,True
576,4,mereka menyediakan makanan food_SLOT . bisakah saya membantu anda dengan hal lain ? EOS_M terima kasih sampai jumpa .,sediakana EOS_Z1,menengah selatan EOS_Z1,name_SLOT is a nice restaurant in the area_SLOT .,sampai jumpa,20,3,True
570,4,name_SLOT berlokasi di address_SLOT dan nomornya adalah phone_SLOT . EOS_M terima kasih .,makanan EOS_Z1,internasional tidak peduli EOS_Z1,you 're welcome .,terima kasih .,14,4,True
617,4,"terdapat empat hasil yang sesuai dengan pertanyaanmu : name_SLOT , name_SLOT , name_SLOT , dan name_SLOT . EOS_M apa alamat dari backstreet bistro ? nomor telepon dan kodepos nya ?",corsica EOS_Z1,pub gastronomi tidak peduli tidak peduli EOS_Z1 address phone postcode,name_SLOT is a nice restaurant in the area_SLOT part of town .,"alamat dari name_SLOT adalah address_SLOT , kodeposnya adalah postcode_SLOT dan nomor teleponnya adalah phone_SLOT . adakah hal lain yang dapat saya bantu ?",31,24,True
545,5,alamatnya adalah address_SLOT dan nomor teleponnya adalah phone_SLOT EOS_M terima kasih sampai jumpa .,barat EOS_Z1,inggris tidak peduli barat EOS_Z1,you 're welcome .,sampai jumpa .,15,4,True
664,5,nomor teleponnya adalah phone_SLOT dan kodeposnya adalah postcode_SLOT EOS_M terima kasih sampai jumpa .,restoran EOS_Z1,amerika utara EOS_Z1,you 're welcome .,"terimakasih telah menggunakan layanan kami , selamat tinggal .",15,10,True
625,5,"alamat dari name_SLOT adalah @ address , nomor telepon mereka adalah phone_SLOT . EOS_M terima kasih , sampai jumpa",barat EOS_Z1,tidak peduli menengah barat EOS_Z1,you 're welcome .,terimakasih telah menggunakan sistem kami . selamat tinggal .,20,10,True
669,5,name_SLOT terletak di jalan <unk> 21-24. nomor teleponnya adalah phone_SLOT dan berada di daerah area_SLOT . apakah ada hal lain yang dapat saya bantu ? EOS_M terima kasih sampai jumpa .,restoran EOS_Z1,italia menengah EOS_Z1,name_SLOT is in the area_SLOT .,"terimakasih telah menelepon , selamat makan ! selamat tinggal .",32,11,True
584,5,"nomornya name_SLOT adalah phone_SLOT . adakah hal lainnya yang dapat saya bantu ? EOS_M tidak terima kasih , sampai jumpa",menyediakan EOS_Z1,india utara menengah EOS_Z1,name_SLOT is a nice menyediakan restaurant .,sama sama . sampai jumpa .,21,7,True
620,5,"nomornya name_SLOT adalah phone_SLOT . adakah hal lainnya yang dapat saya bantu ? EOS_M tidak , terimakasih . saya akan pergi ke nandos sekarang . selamat tinggal .",yang EOS_Z1,tidak peduli murah selatan EOS_Z1,name_SLOT is a nice yang restaurant .,semoga harimu menyenangkan !,29,5,True
631,5,"name_SLOT terletak di address_SLOT dan nomor teleponnya adalah phone_SLOT . apakah ada hal lain yang dapat saya bantu untukmu ? EOS_M tidak , terimakasih . itu saja .",barat EOS_Z1,tidak peduli murah barat EOS_Z1,you 're welcome .,terima kasih dan sampai jumpa,29,6,True
582,5,"tentunya , itu berlokasi di address_SLOT , postcode_SLOT EOS_M terima kasih . sampai jumpa .",sekitar EOS_Z1,india tidak peduli timur EOS_Z1,you 're welcome .,sama-sama . terima kasih dan semoga hari anda menyenangkan . sampai jumpa .,16,14,True
576,5,sampai jumpa EOS_M sampai jumpa lagi .,sediakana EOS_Z1,menengah selatan EOS_Z1,name_SLOT is in the sediakana .,sampai jumpa .,8,4,True
570,5,terima kasih . EOS_M terima kasih,makanan EOS_Z1,internasional tidak peduli EOS_Z1,name_SLOT is in the area_SLOT area .,sampai jumpa .,7,4,True
617,5,"alamat dari name_SLOT adalah address_SLOT , kodeposnya adalah postcode_SLOT dan nomor teleponnya adalah phone_SLOT . adakah hal lain yang dapat saya bantu ? EOS_M sudah cukup . terima kasih . sampai jumpa .",corsica EOS_Z1,pub gastronomi tidak peduli tidak peduli EOS_Z1,you 're welcome .,nikmati restoran nya dan semoga harimu menyenangkan . selamat tinggal .,34,12,True
634,0,saya ingin makanan afghanistan di pusat kota .,pusat EOS_Z1,afganistan pusat EOS_Z1,there are no pusat restaurants in the city .,di rentang harga apa yang kamu cari ?,9,9,True
634,1,di rentang harga apa yang kamu cari ? EOS_M harga apapun tidak masalah .,pusat EOS_Z1,afganistan tidak peduli pusat EOS_Z1,name_SLOT is a nice restaurant in the area_SLOT .,area mana yang kamu inginkan ?,15,7,True
634,2,area mana yang kamu inginkan ? EOS_M pusat kota .,pusat EOS_Z1,afganistan tidak peduli pusat EOS_Z1,name_SLOT is a nice restaurant in the area_SLOT area .,tidak ada restoran yang menyediakan makanan afghanistan di daerah pusat kota .,11,13,True
634,3,tidak ada restoran yang menyediakan makanan afghanistan di daerah pusat kota . EOS_M bagaimana dengan sebuah tempat yang menyediakan makanan turki ?,pusat EOS_Z1,turki tidak peduli pusat EOS_Z1,name_SLOT is a nice restaurant in the area_SLOT area .,"terdapat tiga restoran , terletak di address_SLOT , address_SLOT , dan yang lebih pricerange_SLOT terletak di address_SLOT . manakah yang lebih kamu sukai ?",23,25,True
634,4,"terdapat tiga restoran , terletak di address_SLOT , address_SLOT , dan yang lebih pricerange_SLOT terletak di address_SLOT . manakah yang lebih kamu sukai ? EOS_M saya tidak peduli",pusat EOS_Z1,turki tidak peduli pusat EOS_Z1,name_SLOT is a nice pusat restaurant .,name_SLOT memenuhi kriteria kamu . apakah kamu menginginkan informasi kontak mereka ?,29,13,True
634,5,"name_SLOT memenuhi kriteria kamu . apakah kamu menginginkan informasi kontak mereka ? EOS_M iya , berapa kisaran harga dan alamatnya ?",pusat EOS_Z1,turki tidak peduli pusat EOS_Z1 address pricerange,name_SLOT is in the area_SLOT .,name_SLOT berada di kisaran harga yang pricerange_SLOT dan terletak di address_SLOT .,22,13,True
634,6,name_SLOT berada di kisaran harga yang pricerange_SLOT dan terletak di address_SLOT . EOS_M terima kasih . sampai jumpa .,pusat EOS_Z1,turki tidak peduli pusat EOS_Z1,you 're welcome .,"terima kasih , sampai jumpa !",20,7,True
557,0,"halo , saya sedang mencari restoran yang mahal dan menyediakan makanan campuran .",makanan EOS_Z1,campuran mahal EOS_Z1,there are no makanan restaurants . would you like their location ?,"saya mohon maaf , tidak ada restoran makanan campuran terdaftar di rentang harga yang pricerange_SLOT . apakah anda ingin mencoba hal lain ?",14,24,True
579,0,saya sedang mencari restoran yang mahal dan menyediakan makanan wales .,makanan EOS_Z1,wales mahal EOS_Z1,there are no makanan restaurants in the city .,"saya mohon maaf , tidak ada restoran dengan rentang harga yang mahal yang menyediakan makanan wales . apakah anda ingin mencoba tipe makanan yang lain ?",12,27,True
658,0,saya mencari sebuah restoran yang menyediakan makanan jepang.saya tidak peduli dengan rentang harganya .,rentang EOS_Z1,jepang tidak peduli EOS_Z1,there are no rentang restaurants in the city .,tidak ada restoran yang menyediakan makanan jepang . apakah anda ingin mencoba tipe makanan lain ?,15,17,True
656,0,saya ingin sebuah restoran murah yang menyediakan makanan yunani,menyediakan EOS_Z1,yunani murah EOS_Z1,there are no menyediakan restaurants in the city .,saya tidak dapat menemukan sebuah restoran yunani . apakah ada yang kamu minati .,10,15,True
594,0,"hai . ini mungkin akan panjang , tapi dapatkah anda membantu saya mencari restoran yang menyajikan makanan swedia ? saya tidak peduli dengan harganya .",dengan EOS_Z1,swedia tidak peduli EOS_Z1,there are no dengan restaurants in the city .,tidak ada restoran yang menyediakan makanan swedia .,26,9,True
568,0,hai . saya sedang mencari restoran dengan harga yang menengah .,yang EOS_Z1,menengah EOS_Z1,there are no yang restaurants in the city .,name_SLOT adalah restoran food_SLOT di bagian area_SLOT,12,8,True
657,0,"tolong , sebuah restoran dengan harga yang menengah di bagian utara kota .",utara EOS_Z1,menengah utara EOS_Z1,there are no utara restaurants in the city .,name_SLOT adalah sebuah restoran bagus di bagian utara kota dan berada di kisaran harga yang menengah . apakah kamu menginginkan lokasi mereka ?,14,24,True
605,0,"saya ingin mencari restoran yang terbaik , paling mahal di bagian selatan kota .",selatan EOS_Z1,mahal selatan EOS_Z1,there are no selatan restaurants in the city .,jenis makanan apa yang kamu cari ?,15,8,True
621,0,tolong saya ingin sebuah restoran dengan makanan corsica .,corsica EOS_Z1,corsica EOS_Z1,there are no restaurants serving corsica food .,daerah apa yang anda inginkan ?,10,7,True
540,0,saya mencari sebuah restoran jerman di bagian barat kota .,barat EOS_Z1,jerman barat EOS_Z1,there are no barat restaurants in the city .,tidak ada restoran jerman di bagian barat kota . apakah kamu ingin membuat pertanyaan lain ?,11,17,True
595,0,hai bisakah anda mencarikan saya restoran di bagian barat dari kota ?,dari EOS_Z1,barat EOS_Z1,there are no dari restaurants in the area_SLOT .,tipe masakan atau rentang harga berapa yang anda inginkan ?,13,11,True
543,0,bisakah anda mencarikan saya restoran di bagian utara dari kota ?,dari EOS_Z1,utara EOS_Z1,there are no dari restaurants in the area_SLOT .,"terdapat 9 hasil yang sesuai di bagian utara , berapa rentang harga yang anda inginkan ?",12,17,True
670,0,bisakah kamu memberi saya nomor telepon dari restoran dengan harga yang menengah di bagian utara kota ?,utara EOS_Z1,menengah utara EOS_Z1 phone,there are no utara restaurants in the area_SLOT .,nomornya name_SLOT adalah phone_SLOT . adakah hal lainnya yang dapat saya bantu ?,18,14,True
611,0,saya mencari sebuah restoran malaysia di bagian timur kota .,timur EOS_Z1,malaysia timur EOS_Z1,there are no timur restaurants in the city .,tidak ada restoran malaysia di sisi timur kota .,11,10,True
651,0,halo . saya berusaha mencari sebuah restoran yang menyediakan makanan swiss . bisakah kamu merekomendasikan sesuatu untuk saya ?,untuk EOS_Z1,swiss EOS_Z1,there are no untuk restaurants in the area_SLOT .,sayang sekali tidak ada restoran yang menyediakan makanan swiss di daerah ini . apakah kamu akan mempertimbangkan untuk mencoba makanan yang berbeda ?,20,24,True
635,0,saya ingin sebuah restoran barbekyu .,restoran EOS_Z1,barbeku EOS_Z1,there are no restoran restaurants in the area_SLOT .,"di mana kamu ingin mencari restoran nya , dan kisaran harga berapa yang kamu sukai ?",7,17,True
667,0,saya mencari sebuah restoran yang menyediakan makanan irlandia dan berada di kisaran harga yang mahal .,yang EOS_Z1,irlandia mahal EOS_Z1,there are no yang restaurants in the city .,tidak ada restoran yang menyediakan makanan irlandia di kisaran harga yang mahal . apakah kamu ingin restoran yang lain ?,17,21,True
652,0,tolong saya ingin restoran murah di bagian timur kota .,timur EOS_Z1,murah timur EOS_Z1,there are no timur restaurants in the city .,satu satunya restoran yang murah di bagian timur kota adalah name_SLOT .,11,13,True
662,0,saya ingin sebuah restoran murah yang menyediakan makanan malaysia,menyediakan EOS_Z1,malaysia murah EOS_Z1,there are no menyediakan restaurants in the city .,"maafkan saya , tidak ada restoran di kota yang menyediakan makanan malaysia . bisakah saya membantu kamu menemukan restoran yang lain ?",10,23,True
573,0,halo . bisakah anda mencarikan saya alamat dari 2type yang tidak mahal di bagian selatan dari kota ?,dari EOS_Z1,murah selatan EOS_Z1 address,there are no dari restaurants in the area_SLOT .,terdapat dua restoran dengan rentang harga yang murah dan terletak di bagian selatan dari kota . apakah anda ingin makanan food_SLOT atau food_SLOT ?,19,25,True
541,0,bisakah anda membantu saya mencari restoran bergaya rusia ?,bergaya EOS_Z1,rusia EOS_Z1,there are no bergaya restaurants in the area_SLOT .,"saya meminta maaf , tidak ada restoran rusia . apakah anda punya pilihan lain ?",10,16,True
674,0,halo . saya berusaha mencari sebuah restoran yang bagus di bagian selatan kota .,selatan EOS_Z1,selatan EOS_Z1,there are no selatan restaurants in the city .,terdapat beberapa restoran yang bagus di bagian selatan kota . apakah kamu memiliki preferensi untuk jenis makanan atau kisaran harga ?,15,22,True
608,0,saya ingin sebuah restoran jamaica .,restoran EOS_Z1,jamaika EOS_Z1,there are no restoran restaurants in the area_SLOT .,"tidak ada restoran jamaika , apakah kamu ingin jenis makanan yang lain ?",7,14,True
596,0,saya mencari akan restoran kuba di bagian utara di kota .,di EOS_Z1,kuba utara EOS_Z1,there are no di restaurants in the city .,"saya mohon maaf , saya tidak dapat mencari restoran kuba untuk anda di bagian utara dari kota . apakah ada tipe makanan yang berbeda yang anda ingin saya carikan ?",12,31,True
590,0,saya sedang mencari restoran murah di bagian utara kota .,utara EOS_Z1,murah utara EOS_Z1,there are no utara restaurants in the city .,tipe makanan macam apa yang sedang anda cari ?,11,10,True
606,0,saya ingin sebuah restoran yang murah di bagian selatan kota .,selatan EOS_Z1,murah selatan EOS_Z1,there are no selatan restaurants in the city .,name_SLOT adalah sebuah restoran food_SLOT di daerah selatan . apakah itu cukup ?,12,14,True
614,0,saya sedang mencari restoran di bagian utara dari kota dengan harga yang murah .,yang EOS_Z1,murah utara EOS_Z1,there are no yang restaurants in the city .,name_SLOT berada di bagian utara kota dan berada di kisaran harga yang murah .,15,15,True
630,0,saya menginginkan restoran mahal yang berada di selatan kota,di EOS_Z1,mahal selatan EOS_Z1,there are no di restaurants in the city .,"terdapat restoran food_SLOT , food_SLOT , food_SLOT dan food_SLOT di daerah itu . apakah ada jenis makanan tertentu yang kamu inginkan ?",10,23,True
641,0,"tolong , sebuah restoran di kisaran harga yang menengah",yang EOS_Z1,menengah EOS_Z1,there are no yang restaurants . would you like to try a different restaurant ?,terdapat banyak sekali restoran di kisaran harga yang menengah . tolong beritahu saya daerah atau makanan yang kamu inginkan hari ini .,10,23,True
642,0,tolong rekomendasikan saya sebuah restoran yang murah di wilayah utara .,wilayah EOS_Z1,murah utara EOS_Z1,there are no wilayah restaurants in the city .,name_SLOT terletak di bagian utara dari kota dan memiliki rentang harga yang murah . apakah anda ingin lokasinya ?,12,20,True
661,0,saya menginginkan restoran yang menengah yang berada di utara kota,di EOS_Z1,menengah utara EOS_Z1,there are no di restaurants in the city .,"terdapat dua restoran dengan harga yang menengah di daerah utara , sebuah restoran food_SLOT dan sebuah restoran food_SLOT . apakah kamu menginginkan informasi lebih lanjut ?",11,27,True
610,0,saya ingin sebuah restoran yang berada di bagian barat kota yang menyediakan makanan internasional,menyediakan EOS_Z1,internasional barat EOS_Z1,there are no menyediakan restaurants in the city .,maaf tapi tidak ada restoran yang cocok yang menyediakan makanan internasional di daerah barat .,15,16,True
557,1,"saya mohon maaf , tidak ada restoran makanan campuran terdaftar di rentang harga yang pricerange_SLOT . apakah anda ingin mencoba hal lain ? EOS_M bagaimana dengan makanan mediterania ?",makanan EOS_Z1,mediterania mahal EOS_Z1,name_SLOT is in the area_SLOT part of town .,terdapat dua restoran yang menyediakan makanan mediterania di rentang harga mahal . pilihan anda adalah name_SLOT atau name_SLOT .,30,20,True
579,1,"saya mohon maaf , tidak ada restoran dengan rentang harga yang mahal yang menyediakan makanan wales . apakah anda ingin mencoba tipe makanan yang lain ? EOS_M bagaimana dengan makanan korea ?",makanan EOS_Z1,korea mahal EOS_Z1,name_SLOT is in the area_SLOT part of town .,name_SLOT adalah restoran korea mahal . apakah ada hal lain yang bisa saya bantu ?,33,16,True
658,1,tidak ada restoran yang menyediakan makanan jepang . apakah anda ingin mencoba tipe makanan lain ? EOS_M apakah ada makanan cina di area ?,rentang EOS_Z1,cina tidak peduli EOS_Z1,name_SLOT is a nice restaurant in the area_SLOT area .,terdapat name_SLOT di bagian area_SLOT dari kota,25,8,True
656,1,saya tidak dapat menemukan sebuah restoran yunani . apakah ada yang kamu minati . EOS_M tolong periksa makanan italia . saya juga membutuhkan alamat dan nomor telepon .,menyediakan EOS_Z1,italia murah EOS_Z1 address phone,name_SLOT is a nice restaurant in the area_SLOT .,"terdapat lima entri untuk makanan italia di kisaran harga yang murah . apakah ada daerah kota yang paling cocok untukmu daerah area_SLOT , area_SLOT , atau area_SLOT ?",29,29,True
594,1,tidak ada restoran yang menyediakan makanan swedia . EOS_M bagaimana tentang tipe makanan oriental asia ?,oriental oriental EOS_Z1,oriental asia tidak peduli EOS_Z1,name_SLOT is a nice oriental food .,name_SLOT menyediakan makanan oriental asia di bagian area_SLOT dari kota . apakah anda ingin nomor teleponnya ?,17,18,True
568,1,name_SLOT adalah restoran food_SLOT di bagian area_SLOT EOS_M saya membutuhkan sesuatu di bagian timur dari kota .,yang EOS_Z1,menengah timur EOS_Z1,name_SLOT is a nice restaurant in the area_SLOT .,name_SLOT memiliki harga yang menengah dan berlokasi di address_SLOT phone_SLOT .,18,12,True
657,1,name_SLOT adalah sebuah restoran bagus di bagian utara kota dan berada di kisaran harga yang menengah . apakah kamu menginginkan lokasi mereka ? EOS_M ya tolong .,utara EOS_Z1,menengah utara EOS_Z1 address,name_SLOT is a nice restaurant in the area_SLOT .,name_SLOT terletak di address_SLOT,28,5,True
605,1,jenis makanan apa yang kamu cari ? EOS_M saya tidak peduli .,selatan EOS_Z1,tidak peduli mahal selatan EOS_Z1,name_SLOT is a nice restaurant in the area_SLOT area .,name_SLOT adalah sebuah restoran food_SLOT di bagian selatan kota dan berada di kisaran harga yang mahal .,13,18,True
621,1,daerah apa yang anda inginkan ? EOS_M sisi barat kota .,corsica EOS_Z1,corsica barat EOS_Z1,name_SLOT is a nice restaurant in the area_SLOT .,tidak ada restoran yang cocok . apakah kamu ingin saya melakukan pencarian lain ?,12,15,True
540,1,tidak ada restoran jerman di bagian barat kota . apakah kamu ingin membuat pertanyaan lain ? EOS_M bagaimana dengan italia ?,barat EOS_Z1,italia barat EOS_Z1,name_SLOT is in the area_SLOT part of town .,terdapat beberapa restoran italia di bagian barat kota . name_SLOT yang harganya pricerange_SLOT dan name_SLOT yang harganya pricerange_SLOT . apakah kamu ingin alamat salah satu dari mereka ?,22,29,True
595,1,tipe masakan atau rentang harga berapa yang anda inginkan ? EOS_M saya tidak peduli tipe dari masakannya tapi bisakah anda mencarikan saya sesuatu di barat ?,dari EOS_Z1,barat tidak peduli EOS_Z1,name_SLOT is a nice restaurant in the area_SLOT part of town .,name_SLOT adalah restoran food_SLOT yang bagus di bagian barat dari kota .,27,13,True
543,1,"terdapat 9 hasil yang sesuai di bagian utara , berapa rentang harga yang anda inginkan ? EOS_M saya tidak peduli .",dari EOS_Z1,tidak peduli utara EOS_Z1,name_SLOT is a nice restaurant in the area_SLOT .,apakah ada tipe makanan tertentu yang anda inginkan ?,22,10,True
670,1,"nomornya name_SLOT adalah phone_SLOT . adakah hal lainnya yang dapat saya bantu ? EOS_M iya , apakah terdapat restoran dengan harga yang menengah yang lain di daerah utara ?",utara EOS_Z1,menengah utara EOS_Z1,name_SLOT is a nice restaurant in the area_SLOT .,"name_SLOT adalah sebuah restoran dengan harga yang menengah di daerah utara kota , dan menyediakan makanan food_SLOT . apakah kamu menginginkan nomor teleponnya ?",30,25,True
611,1,tidak ada restoran malaysia di sisi timur kota . EOS_M bagaimana dengan makanan india ?,timur EOS_Z1,india timur EOS_Z1,name_SLOT is in the area_SLOT part of town .,name_SLOT menyediakan makanan india dan berada di sisi timur kota .,16,12,True
651,1,sayang sekali tidak ada restoran yang menyediakan makanan swiss di daerah ini . apakah kamu akan mempertimbangkan untuk mencoba makanan yang berbeda ? EOS_M oh oke . lalu apa saja pilihan saya untuk makanan inggris ?,untuk EOS_Z1,inggris EOS_Z1,name_SLOT is a nice restaurant in the area_SLOT part of town .,terdapat beberapa restoran yang menyediakan makanan inggris di daerah ini . name_SLOT memiliki makanan yang enak di kisaran harga yang pricerange_SLOT . terletak di address_SLOT .,37,27,True
635,1,"di mana kamu ingin mencari restoran nya , dan kisaran harga berapa yang kamu sukai ? EOS_M saya tidak peduli dengan kisaran harga atau lokasi .",restoran EOS_Z1,barbeku tidak peduli tidak peduli EOS_Z1,name_SLOT is a nice restaurant in the area_SLOT part of town .,tidak ada restoran yang menyediakan barbekyu .,27,8,True
667,1,tidak ada restoran yang menyediakan makanan irlandia di kisaran harga yang mahal . apakah kamu ingin restoran yang lain ? EOS_M apakah terdapat sebuah restoran korea yang mahal ?,yang EOS_Z1,korea mahal EOS_Z1,name_SLOT is a nice restaurant in the area_SLOT part of town .,"iya , name_SLOT adalah sebuah restoran korea di kisaran harga yang mahal .",30,14,True
652,1,satu satunya restoran yang murah di bagian timur kota adalah name_SLOT . EOS_M tolong alamat dan nomor nya,timur EOS_Z1,murah timur EOS_Z1 address phone,name_SLOT is a nice restaurant in the area_SLOT .,alamat untuk name_SLOT adalah address_SLOT dan nomornya adalah phone_SLOT .,19,11,True
662,1,"maafkan saya , tidak ada restoran di kota yang menyediakan makanan malaysia . bisakah saya membantu kamu menemukan restoran yang lain ? EOS_M apakah terdapat sebuah restoran eropa yang murah ?",menyediakan EOS_Z1,eropa murah EOS_Z1,name_SLOT is a nice restaurant in the area_SLOT part of town .,iya . saya menemukan name_SLOT . itu adalah sebuah restoran murah yang menyediakan makanan steakhouse dan berada di daerah area_SLOT kota . apakah kamu menginginkan alamat dan nomor teleponnya ?,32,31,True
573,1,terdapat dua restoran dengan rentang harga yang murah dan terletak di bagian selatan dari kota . apakah anda ingin makanan food_SLOT atau food_SLOT ? EOS_M makanan cina,dari EOS_Z1,cina murah selatan EOS_Z1,name_SLOT is a nice restaurant in the area_SLOT .,name_SLOT adalah restoran cina . apakah anda ingin nomor teleponnya ?,28,12,True
541,1,"saya meminta maaf , tidak ada restoran rusia . apakah anda punya pilihan lain ? EOS_M iya , bagaimana kalau makanan bertipe eropa ?",bergaya EOS_Z1,eropa EOS_Z1,name_SLOT is a nice restaurant in the area_SLOT .,tolong tunggu sebentar sementara saya memeriksa restoran eropa untuk anda,25,11,True
674,1,"terdapat beberapa restoran yang bagus di bagian selatan kota . apakah kamu memiliki preferensi untuk jenis makanan atau kisaran harga ? EOS_M iya , saya ingin sebuah restoran yang menyediakan makanan portugal .",selatan EOS_Z1,portugal selatan EOS_Z1,name_SLOT is a nice restaurant in the area_SLOT part of town .,name_SLOT adalah satu satunya restoran yang dapat saya temukan di daerah selatan yang menyediakan portugal .,34,17,True
608,1,"tidak ada restoran jamaika , apakah kamu ingin jenis makanan yang lain ? EOS_M baiklah . bagaimana dengan portugal ?",restoran EOS_Z1,portugal EOS_Z1,name_SLOT is a nice restaurant in the area_SLOT part of town .,"ada dua , name_SLOT dan juga name_SLOT di bagian area_SLOT kota , apakah kamu memiliki pilihan ?",21,18,True
596,1,"saya mohon maaf , saya tidak dapat mencari restoran kuba untuk anda di bagian utara dari kota . apakah ada tipe makanan yang berbeda yang anda ingin saya carikan ? EOS_M saya masih ingin bagian utara di kota , tapi tolong carikan makanan oriental asia saja .",oriental oriental EOS_Z1,oriental asia utara EOS_Z1,there are no oriental restaurants in the area_SLOT part of town . would you like their location ?,name_SLOT berlokasi di bagian utara dari kota dan menyediakan makanan oriental asia . apakah anda ingin alamatnya ?,48,19,True
590,1,tipe makanan macam apa yang sedang anda cari ? EOS_M saya tidak peduli dengan jenis masakannya .,utara EOS_Z1,tidak peduli murah utara EOS_Z1,name_SLOT is a nice restaurant in the area_SLOT area .,"terdapat name_SLOT dan name_SLOT , keduanya berada di area utara dan memiliki rentang harga yang murah .",18,18,True
606,1,name_SLOT adalah sebuah restoran food_SLOT di daerah selatan . apakah itu cukup ? EOS_M berapa kisaran harga disana ?,selatan EOS_Z1,murah selatan EOS_Z1 pricerange,name_SLOT is in the area_SLOT part of town .,name_SLOT berada di rentang harga murah .,20,8,True
614,1,name_SLOT berada di bagian utara kota dan berada di kisaran harga yang murah . EOS_M bisakah saya memiliki yang lain ?,yang EOS_Z1,murah utara EOS_Z1,name_SLOT is in the area_SLOT .,name_SLOT melayani di bagian utara kota dan berada di kisaran harga yang murah . apakah kamu menginginkan lokasi mereka ?,22,21,True
630,1,"terdapat restoran food_SLOT , food_SLOT , food_SLOT dan food_SLOT di daerah itu . apakah ada jenis makanan tertentu yang kamu inginkan ? EOS_M saya tidak peduli .",di EOS_Z1,tidak peduli mahal selatan EOS_Z1,name_SLOT is a nice restaurant in the area_SLOT area .,name_SLOT adalah sebuah restoran food_SLOT yang terletak di bagian selatan kota dan berada di kisaran harga yang mahal .,28,20,True
641,1,"terdapat banyak sekali restoran di kisaran harga yang menengah . tolong beritahu saya daerah atau makanan yang kamu inginkan hari ini . EOS_M baiklah , apakah membantu jika mempersempitnya ke bagian barat kota ? saya mengalami kesulitan untuk menentukan apa yang ingin saya makan hari ini .",yang EOS_Z1,menengah barat EOS_Z1,there are no yang restaurants in the area_SLOT .,"name_SLOT adalah sebuah restoran food_SLOT di bagian barat kota , dan berada di kisaran harga yang menengah .",48,19,True
642,1,name_SLOT terletak di bagian utara dari kota dan memiliki rentang harga yang murah . apakah anda ingin lokasinya ? EOS_M iya .,wilayah EOS_Z1,murah utara EOS_Z1 address,name_SLOT is in the area_SLOT .,mereka berlokasi di address_SLOT,23,5,True
661,1,"terdapat dua restoran dengan harga yang menengah di daerah utara , sebuah restoran food_SLOT dan sebuah restoran food_SLOT . apakah kamu menginginkan informasi lebih lanjut ? EOS_M apa alamat salah satu dari mereka ?",di EOS_Z1,menengah utara EOS_Z1 address,name_SLOT is a nice restaurant in the area_SLOT part of town .,name_SLOT adalah sebuah restoran food_SLOT dengan harga yang menengah yang terletak di daerah utara di address_SLOT . dapatkah saya membantu lebih lanjut ?,35,24,True
610,1,maaf tapi tidak ada restoran yang cocok yang menyediakan makanan internasional di daerah barat . EOS_M apakah ada restoran di bagian timur yang menyediakan makanan internasional ?,menyediakan EOS_Z1,internasional timur EOS_Z1,name_SLOT is a nice restaurant in the area_SLOT part of town .,"iya , name_SLOT menyediakan makanan internasional dan terletak di bagian timur kota .",28,14,True
557,2,terdapat dua restoran yang menyediakan makanan mediterania di rentang harga mahal . pilihan anda adalah name_SLOT atau name_SLOT . EOS_M apa alamat dan nomor salah satu dari mereka ?,makanan EOS_Z1,mediterania mahal EOS_Z1 address phone,name_SLOT is in the area_SLOT part of town .,"alamat dari name_SLOT adalah address_SLOT , nomor teleponnya adalah phone_SLOT .",30,12,True
579,2,"name_SLOT adalah restoran korea mahal . apakah ada hal lain yang bisa saya bantu ? EOS_M iya , saya ingin alamat dan bagian kota mana dari lokasi mereka .",makanan EOS_Z1,korea mahal EOS_Z1 address area,name_SLOT is a nice restaurant in the area_SLOT .,name_SLOT berlokasi di bagian area_SLOT dari kota dan alamatnya adalah address_SLOT nomor 108 .,30,15,True
658,2,terdapat name_SLOT di bagian area_SLOT dari kota EOS_M apa alamat dan nomor telepon dari charlie chan ?,rentang EOS_Z1,cina tidak peduli EOS_Z1 address phone,name_SLOT is in the area_SLOT .,"alamatnya adalah address_SLOT , kode posnya adalah postcode_SLOT dan nomor teleponnya adalah phone_SLOT .",18,15,True
656,2,"terdapat lima entri untuk makanan italia di kisaran harga yang murah . apakah ada daerah kota yang paling cocok untukmu daerah area_SLOT , area_SLOT , atau area_SLOT ? EOS_M itu tidak penting .",menyediakan EOS_Z1,tidak peduli italia murah EOS_Z1,name_SLOT is a nice restaurant in the area_SLOT .,bagaimana dengan name_SLOT ? terletak di address_SLOT dan nomor teleponnya adalah phone_SLOT .,34,14,True
594,2,name_SLOT menyediakan makanan oriental asia di bagian area_SLOT dari kota . apakah anda ingin nomor teleponnya ? EOS_M tidak terima kasih . saya hanya butuh alamat dan kode posnya .,oriental oriental EOS_Z1,oriental asia tidak peduli EOS_Z1 address postcode,name_SLOT is a oriental food .,name_SLOT berlokasi di address_SLOT dan kode posnya adalah postcode_SLOT . apakah ada hal lain yang bisa saya bantu ?,31,20,True
568,2,name_SLOT memiliki harga yang menengah dan berlokasi di address_SLOT phone_SLOT . EOS_M apa nomornya ?,yang EOS_Z1,menengah timur EOS_Z1 phone,name_SLOT is in the area_SLOT .,nomor telepon dari name_SLOT adalah phone_SLOT . apakah ada hal lain yang bisa saya bantu hari ini ?,16,19,True
657,2,name_SLOT terletak di address_SLOT EOS_M nomor telepon ?,utara EOS_Z1,menengah utara EOS_Z1 phone,name_SLOT is in the area_SLOT .,nomor telepon dari name_SLOT adalah phone_SLOT . adakah hal lain yang dapat saya bantu untukmu ?,9,17,True
605,2,name_SLOT adalah sebuah restoran food_SLOT di bagian selatan kota dan berada di kisaran harga yang mahal . EOS_M bisakah kamu memberi saya alamat dan nomor teleponnya ?,selatan EOS_Z1,mahal selatan tidak peduli EOS_Z1 address phone,name_SLOT is a nice restaurant in the area_SLOT part of town .,name_SLOT terletak di address_SLOT dan bisa dijangkau melalui phone_SLOT .,28,11,True
621,2,tidak ada restoran yang cocok . apakah kamu ingin saya melakukan pencarian lain ? EOS_M sebagai gantinya bagaimana jika makanan italia dan bisakah saya memiliki nomor teleponnya jika kamu mencarikan sebuah restoran,corsica EOS_Z1,italia barat EOS_Z1 phone,there are no restaurants in the area_SLOT .,name_SLOT adalah sebuah restoran italia dengan harga yang pricerange_SLOT di sisi barat kota . nomor teleponnya adalah phone_SLOT .,33,20,True
540,2,terdapat beberapa restoran italia di bagian barat kota . name_SLOT yang harganya pricerange_SLOT dan name_SLOT yang harganya pricerange_SLOT . apakah kamu ingin alamat salah satu dari mereka ? EOS_M apa nomor telepon salah satu dari mereka ?,barat EOS_Z1,italia barat EOS_Z1 phone,name_SLOT is a nice restaurant in the area_SLOT part of town .,"nomor telepon untuk name_SLOT , yang pricerange_SLOT harganya , adalah phone_SLOT . adakah hal lain yang dapat saya bantu untukmu hari ini ?",38,24,True
595,2,"name_SLOT adalah restoran food_SLOT yang bagus di bagian barat dari kota . EOS_M baik , dan nomor telepon serta alamatnya ?",dari EOS_Z1,barat tidak peduli EOS_Z1 address phone,name_SLOT is in the area_SLOT .,nomornya name_SLOT adalah phone_SLOT dan berlokasi di address_SLOT,22,9,True
543,2,"apakah ada tipe makanan tertentu yang anda inginkan ? EOS_M iya , saya ingin makanan dunia .",dari EOS_Z1,dunia tidak peduli utara EOS_Z1,name_SLOT is a nice restaurant in the area_SLOT .,"saya mohon maaf , saya tidak dapat menemukan restoran yang menyediakan makanan dunia di bagian utara . apakah ada tipe makanan atau area lain yang anda mungkin tertarik hari ini ?",18,32,True
670,2,"name_SLOT adalah sebuah restoran dengan harga yang menengah di daerah utara kota , dan menyediakan makanan food_SLOT . apakah kamu menginginkan nomor teleponnya ? EOS_M iya , saya ingin nomor telepon dan kodepos mereka , tolong .",utara EOS_Z1,menengah utara EOS_Z1 phone postcode,name_SLOT is a nice restaurant in the area_SLOT .,nomor teleponnya adalah phone_SLOT . dan kodeposnya adalah postcode_SLOT .,38,11,True
611,2,"name_SLOT menyediakan makanan india dan berada di sisi timur kota . EOS_M sempurna , bisakah saya memiliki alamat dan nomor teleponnya tolong ?",timur EOS_Z1,india timur EOS_Z1 address phone,name_SLOT is in the area_SLOT part of town .,nomor dari name_SLOT adalah phone_SLOT dan berlokasi di address_SLOT . bisakah saya membantumu dengan yang lainnya ?,24,18,True
651,2,terdapat beberapa restoran yang menyediakan makanan inggris di daerah ini . name_SLOT memiliki makanan yang enak di kisaran harga yang pricerange_SLOT . terletak di address_SLOT . EOS_M apa nomornya ?,untuk EOS_Z1,inggris EOS_Z1 phone,name_SLOT is in the area_SLOT .,nomornya mereka adalah phone_SLOT .,31,6,True
635,2,"tidak ada restoran yang menyediakan barbekyu . EOS_M apakah kamu memiliki alamat , nomor telepon dan kodepos untuk sebuah restoran makanan amerika utara ?",restoran EOS_Z1,amerika utara tidak peduli tidak peduli EOS_Z1 address phone postcode,name_SLOT is a nice restaurant in the area_SLOT part of town .,"name_SLOT itu berlokasi di address_SLOT , kode postnya postcode_SLOT . nomor teleponnya adalah phone_SLOT .",25,16,True
667,2,"iya , name_SLOT adalah sebuah restoran korea di kisaran harga yang mahal . EOS_M bagus ! bisakah kamu memberi saya alamat dan daerah dari little seoul ?",yang EOS_Z1,korea mahal EOS_Z1 address area,name_SLOT is in the area_SLOT part of town .,name_SLOT terletak di address_SLOT 108. dapatkah saya membantu dengan hal yang lain hari ini ?,28,16,True
652,2,alamat untuk name_SLOT adalah address_SLOT dan nomornya adalah phone_SLOT . EOS_M terima kasih sampai jumpa,timur EOS_Z1,murah timur EOS_Z1,you 're welcome .,terima kasih sudah menelepon . selamat tinggal .,16,9,True
662,2,iya . saya menemukan name_SLOT . itu adalah sebuah restoran murah yang menyediakan makanan steakhouse dan berada di daerah area_SLOT kota . apakah kamu menginginkan alamat dan nomor teleponnya ? EOS_M tentu saja,menyediakan EOS_Z1,eropa murah EOS_Z1 address phone,name_SLOT is in the area_SLOT .,name_SLOT terletak di address_SLOT dan nomor teleponnya adalah phone_SLOT . adakah hal lain yang dapat saya bantu untukmu ?,34,20,True
573,2,"name_SLOT adalah restoran cina . apakah anda ingin nomor teleponnya ? EOS_M tidak , tolong alamatnya saja",dari EOS_Z1,cina murah selatan EOS_Z1 address,name_SLOT is in the area_SLOT .,name_SLOT berlokasi di address_SLOT .,18,6,True
541,2,"tolong tunggu sebentar sementara saya memeriksa restoran eropa untuk anda EOS_M jika anda mencari restoran eropa , saya juga ingin meminta alamat dan nomor teleponnya .",bergaya EOS_Z1,eropa EOS_Z1 address phone,name_SLOT is a nice restaurant in the area_SLOT .,"name_SLOT menyediakan makanan eropa , nomor telepon mereka adalah phone_SLOT dan alamatnya adalah address_SLOT",27,15,True
674,2,name_SLOT adalah satu satunya restoran yang dapat saya temukan di daerah selatan yang menyediakan portugal . EOS_M nandos terdengar bagus . terimakasih .,selatan EOS_Z1,portugal selatan EOS_Z1,name_SLOT is in the area_SLOT area .,terima kasih sampai jumpa,24,5,True
608,2,"ada dua , name_SLOT dan juga name_SLOT di bagian area_SLOT kota , apakah kamu memiliki pilihan ? EOS_M bisakah saya memiliki nomor telepon dan alamat untuk lokasi selatan ?",restoran EOS_Z1,portugal selatan EOS_Z1 address phone,name_SLOT is a nice restaurant in the area_SLOT part of town .,"alamatnya adalah address_SLOT , dan nomor teleponnya adalah phone_SLOT . bisakah saya membantumu dengan hal lainnya ?",30,18,True
596,2,"name_SLOT berlokasi di bagian utara dari kota dan menyediakan makanan oriental asia . apakah anda ingin alamatnya ? EOS_M ya , saya ingin tahu alamat dan nomor teleponnya .",oriental oriental EOS_Z1,oriental asia utara EOS_Z1 address phone,name_SLOT is a nice oriental food .,nomor telepon dari name_SLOT adalah phone_SLOT dan alamatnya adalah address_SLOT . apakah ada hal lain yang bisa saya bantu ?,30,21,True
590,2,"terdapat name_SLOT dan name_SLOT , keduanya berada di area utara dan memiliki rentang harga yang murah . EOS_M apa nomor telepon mereka ?",utara EOS_Z1,tidak peduli murah utara EOS_Z1 phone,name_SLOT is in the area_SLOT part of town .,"nomornya name_SLOT adalah phone_SLOT , dan nomornya name_SLOT adalah phone_SLOT .",24,12,True
606,2,name_SLOT berada di rentang harga murah . EOS_M sempurna . apa alamat dan nomor teleponnya ?,selatan EOS_Z1,murah selatan EOS_Z1 address phone,name_SLOT is in the selatan .,nomor telepon dan alamatnya adalah phone_SLOT dan address_SLOT,17,9,True
614,2,name_SLOT melayani di bagian utara kota dan berada di kisaran harga yang murah . apakah kamu menginginkan lokasi mereka ? EOS_M apa alamat nya ?,yang EOS_Z1,murah utara EOS_Z1 address,name_SLOT is in the area_SLOT .,alamat mereka adalah address_SLOT,26,5,True
630,2,name_SLOT adalah sebuah restoran food_SLOT yang terletak di bagian selatan kota dan berada di kisaran harga yang mahal . EOS_M apa alamat dan nomornya ?,di EOS_Z1,mahal selatan tidak peduli EOS_Z1 address phone,name_SLOT is in the area_SLOT part of town .,name_SLOT berlokasi di address_SLOT dan nomornya adalah phone_SLOT .,26,10,True
641,2,"name_SLOT adalah sebuah restoran food_SLOT di bagian barat kota , dan berada di kisaran harga yang menengah . EOS_M tolong nomornya .",yang EOS_Z1,menengah barat EOS_Z1 phone,name_SLOT is in the area_SLOT .,nomor telepon dari name_SLOT adalah phone_SLOT . adakah hal lain yang dapat saya lakukan untukmu malam ini ?,23,19,True
642,2,mereka berlokasi di address_SLOT EOS_M apa kodepos mereka ?,wilayah EOS_Z1,murah utara EOS_Z1 postcode,name_SLOT is in the area_SLOT .,kodeposnya adalah postcode_SLOT adakah hal lain yang dapat saya lakukan untukmu ?,10,13,True
661,2,name_SLOT adalah sebuah restoran food_SLOT dengan harga yang menengah yang terletak di daerah utara di address_SLOT . dapatkah saya membantu lebih lanjut ? EOS_M terima kasih,di EOS_Z1,menengah utara EOS_Z1,name_SLOT is a nice di restaurant in the area_SLOT .,"sama sama , selamat menikmati makananmu .",27,8,True
610,2,"iya , name_SLOT menyediakan makanan internasional dan terletak di bagian timur kota . EOS_M bisakah saya memiliki nomor teleponnya tolong",menyediakan EOS_Z1,internasional timur EOS_Z1 phone,name_SLOT is in the area_SLOT .,nomor telepon mereka adalah phone_SLOT apakah ada hal lain yang dapat saya bantu ?,21,15,True
557,3,"alamat dari name_SLOT adalah address_SLOT , nomor teleponnya adalah phone_SLOT . EOS_M terima kasih sampai jumpa .",makanan EOS_Z1,mediterania mahal EOS_Z1,you 're welcome .,"sama -sama , sampai jumpa .",18,7,True
579,3,name_SLOT berlokasi di bagian area_SLOT dari kota dan alamatnya adalah address_SLOT nomor 108 . EOS_M terima kasih sampai jumpa .,makanan EOS_Z1,korea mahal EOS_Z1,you 're welcome .,semoga harimu menyenangkan ! sampai jumpa .,21,8,True
658,3,"alamatnya adalah address_SLOT , kode posnya adalah postcode_SLOT dan nomor teleponnya adalah phone_SLOT . EOS_M terima kasih . itu semua informasi yang saya butuhkan . selamat tinggal .",rentang EOS_Z1,cina tidak peduli EOS_Z1,you 're welcome .,terima kasih .,29,4,True
656,3,bagaimana dengan name_SLOT ? terletak di address_SLOT dan nomor teleponnya adalah phone_SLOT . EOS_M terima kasih . sampai jumpa !,menyediakan EOS_Z1,italia murah tidak peduli EOS_Z1,you 're welcome . good bye .,"terimakasih telah menggunakan layanan kami , selamat tinggal .",21,10,True
594,3,"name_SLOT berlokasi di address_SLOT dan kode posnya adalah postcode_SLOT . apakah ada hal lain yang bisa saya bantu ? EOS_M tidak , terima kasih , selamat tinggal .",oriental oriental EOS_Z1,oriental asia tidak peduli EOS_Z1,name_SLOT is a nice oriental food .,terima kasih sudah menggunakan sistem restoran cambridge . sampai jumpa .,29,12,True
568,3,nomor telepon dari name_SLOT adalah phone_SLOT . apakah ada hal lain yang bisa saya bantu hari ini ? EOS_M tidak terima kasih . itu semua sudah yang saya butuhkan . selamat tinggal !,yang EOS_Z1,menengah timur EOS_Z1,you 're welcome . good bye .,sama sama . selamat malam .,34,7,True
657,3,"nomor telepon dari name_SLOT adalah phone_SLOT . adakah hal lain yang dapat saya bantu untukmu ? EOS_M itu dia , terimakasih . selamat tinggal .",utara EOS_Z1,menengah utara EOS_Z1,you 're welcome .,terima kasih telah menggunakan sistem restoran cambridge . sampai jumpa .,26,12,True
605,3,"name_SLOT terletak di address_SLOT dan bisa dijangkau melalui phone_SLOT . EOS_M terimakasih , selamat tinggal",selatan EOS_Z1,mahal selatan tidak peduli EOS_Z1,you 're welcome .,"sama sama , selamat tinggal",16,6,True
621,3,name_SLOT adalah sebuah restoran italia dengan harga yang pricerange_SLOT di sisi barat kota . nomor teleponnya adalah phone_SLOT . EOS_M terima kasih sampai jumpa .,corsica EOS_Z1,italia barat EOS_Z1,you 're welcome .,terima kasih sampai jumpa,26,5,True
540,3,"nomor telepon untuk name_SLOT , yang pricerange_SLOT harganya , adalah phone_SLOT . adakah hal lain yang dapat saya bantu untukmu hari ini ? EOS_M terima kasih sampai jumpa .",barat EOS_Z1,italia barat EOS_Z1,name_SLOT is a nice restaurant in the area_SLOT .,terima kasih . sampai jumpa,30,6,True
595,3,"nomornya name_SLOT adalah phone_SLOT dan berlokasi di address_SLOT EOS_M ok , terima kasih",dari EOS_Z1,barat tidak peduli EOS_Z1,you 're welcome .,sama-sama . selamat menikmati makanan anda !,14,8,True
543,3,"saya mohon maaf , saya tidak dapat menemukan restoran yang menyediakan makanan dunia di bagian utara . apakah ada tipe makanan atau area lain yang anda mungkin tertarik hari ini ? EOS_M mungkin beberapa makanan india ?",dari EOS_Z1,india tidak peduli utara EOS_Z1,name_SLOT is a nice restaurant in the area_SLOT part of town .,ide bagus,38,3,True
670,3,"nomor teleponnya adalah phone_SLOT . dan kodeposnya adalah postcode_SLOT . EOS_M terimakasih , nirala terdengar bagus . selamat tinggal .",utara EOS_Z1,menengah utara EOS_Z1,you 're welcome .,sama sama . sampai jumpa .,21,7,True
611,3,"nomor dari name_SLOT adalah phone_SLOT dan berlokasi di address_SLOT . bisakah saya membantumu dengan yang lainnya ? EOS_M sudah oke . terima kasih , sampai jumpa",timur EOS_Z1,india timur EOS_Z1,you 're welcome .,sampai jumpa .,27,4,True
651,3,nomornya mereka adalah phone_SLOT . EOS_M terima kasih sampai jumpa .,untuk EOS_Z1,inggris EOS_Z1,you 're welcome .,terima kasih . sampai jumpa,12,6,True
635,3,"name_SLOT itu berlokasi di address_SLOT , kode postnya postcode_SLOT . nomor teleponnya adalah phone_SLOT . EOS_M terima kasih sampai jumpa .",restoran EOS_Z1,amerika utara tidak peduli tidak peduli EOS_Z1,you 're welcome .,terima kasih .,22,4,True
667,3,name_SLOT terletak di address_SLOT 108. dapatkah saya membantu dengan hal yang lain hari ini ? EOS_M tidak terima kasih sampai jumpa,yang EOS_Z1,korea mahal EOS_Z1,name_SLOT is in the area_SLOT .,terima kasih . sampai jumpa,22,6,True
652,3,terima kasih sudah menelepon . selamat tinggal . EOS_M terimakasih banyak . selamat tinggal .,timur EOS_Z1,murah timur EOS_Z1,name_SLOT is a nice restaurant in the area_SLOT .,semoga harimu menyenangkan,16,4,True
662,3,"name_SLOT terletak di address_SLOT dan nomor teleponnya adalah phone_SLOT . adakah hal lain yang dapat saya bantu untukmu ? EOS_M tidak , dan terimakasih atas bantuanmu . selamat tinggal .",menyediakan EOS_Z1,eropa murah EOS_Z1,name_SLOT is a nice restaurant system .,dengan senang hati . silahkan hubungi lagi . selamat tinggal .,31,12,True
573,3,name_SLOT berlokasi di address_SLOT . EOS_M terima kasih sampai jumpa .,dari EOS_Z1,cina murah selatan EOS_Z1,you 're welcome .,selamat menikmati makanan anda dan sampai jumpa !,12,9,True
541,3,"name_SLOT menyediakan makanan eropa , nomor telepon mereka adalah phone_SLOT dan alamatnya adalah address_SLOT EOS_M terima kasih . sampai jumpa .",bergaya EOS_Z1,eropa EOS_Z1,you 're welcome . goodbye .,terima kasih sampai jumpa,22,5,True
674,3,terima kasih sampai jumpa EOS_M sampai jumpa .,selatan EOS_Z1,portugal selatan EOS_Z1,name_SLOT is in the area_SLOT .,sampai jumpa .,9,4,True
608,3,"alamatnya adalah address_SLOT , dan nomor teleponnya adalah phone_SLOT . bisakah saya membantumu dengan hal lainnya ? EOS_M terima kasih sampai jumpa .",restoran EOS_Z1,portugal selatan EOS_Z1,name_SLOT is a nice restoran restaurant .,nikmati makananmu ! selamat tinggal .,24,7,True
596,3,"nomor telepon dari name_SLOT adalah phone_SLOT dan alamatnya adalah address_SLOT . apakah ada hal lain yang bisa saya bantu ? EOS_M tidak , sudah cukup . terima kasih dan sampai jumpa !",oriental oriental EOS_Z1,oriental asia utara EOS_Z1,you 're welcome .,terima kasih sudah menggunakan sistem ini . sampai jumpa .,33,11,True
590,3,"nomornya name_SLOT adalah phone_SLOT , dan nomornya name_SLOT adalah phone_SLOT . EOS_M terima kasih sampai jumpa .",utara EOS_Z1,tidak peduli murah utara EOS_Z1,you 're welcome .,terima kasih,18,3,True
606,3,"nomor telepon dan alamatnya adalah phone_SLOT dan address_SLOT EOS_M terima kasih , sampai jumpa !",selatan EOS_Z1,murah selatan EOS_Z1,you 're welcome .,sama sama . sampai jumpa .,16,7,True
614,3,alamat mereka adalah address_SLOT EOS_M terima kasih sampai jumpa .,yang EOS_Z1,murah utara EOS_Z1,name_SLOT is a nice yang restaurant .,"sama sama , sampai jumpa",11,6,True
630,3,name_SLOT berlokasi di address_SLOT dan nomornya adalah phone_SLOT . EOS_M terima kasih . sampai jumpa .,di EOS_Z1,mahal selatan tidak peduli EOS_Z1,you 're welcome .,terima kasih sampai jumpa,17,5,True
641,3,nomor telepon dari name_SLOT adalah phone_SLOT . adakah hal lain yang dapat saya lakukan untukmu malam ini ? EOS_M terimakasih banyak ! selamat tinggal !,yang EOS_Z1,menengah barat EOS_Z1,you 're welcome .,terima kasih dan sampai jumpa !,26,7,True
642,3,"kodeposnya adalah postcode_SLOT adakah hal lain yang dapat saya lakukan untukmu ? EOS_M tidak , terima kasih",wilayah EOS_Z1,murah utara EOS_Z1,name_SLOT is a nice restaurant in the area_SLOT .,terima kasih .,18,4,True
661,3,"sama sama , selamat menikmati makananmu . EOS_M terima kasih sampai jumpa .",di EOS_Z1,menengah utara EOS_Z1,name_SLOT is a nice restaurant in the area_SLOT area .,sampai jumpa . terima kasih sudah menggunakan sistem kami,14,10,True
610,3,"nomor telepon mereka adalah phone_SLOT apakah ada hal lain yang dapat saya bantu ? EOS_M sudah cukup , terima kasih .",menyediakan EOS_Z1,internasional timur EOS_Z1,name_SLOT is a nice menyediakan restaurant in the area_SLOT .,sampai jumpa .,22,4,True
619,0,saya ingin restoran di bagian utara di kota yang menyajikan makanan australia,menyajikan EOS_Z1,australasia utara EOS_Z1,there are no menyajikan restaurants in the city .,tidak ada restoran yang sesuai dengan permintaan anda . apakah ada hal lain yang ingin anda cari ?,13,19,True
616,0,saya ingin sebuah restoran yang menyediakan makanan swiss,makanan EOS_Z1,swiss EOS_Z1,there are no makanan restaurants . would you like to try a different restaurant ?,"maafkan saya , kami tidak memiliki restoran swiss manapun yang tersedia . apakah kamu ingin untuk mencoba jenis makanan yang lain ?",9,23,True
663,0,saya sedang mencari restoran yang menyediakan makanan spanyol .,makanan EOS_Z1,spanyol EOS_Z1,there are no makanan restaurants in the city .,terdapat dua restoran yang menyediakan makanan spanyol di kisaran harga yang pricerange_SLOT dan pricerange_SLOT . kisaran harga manakah yang kamu inginkan ?,10,23,True
542,0,saya ingin sebuah restoran di bagian utara dari kota .,dari EOS_Z1,utara EOS_Z1,there are no dari restaurants in the city .,name_SLOT terletak di bagian utara dari kota . name_SLOT juga terletak di bagian utara dari kota .,11,18,True
647,0,"halo , saya mencari sebuah restoran yang mahal yang menyediakan makanan vegetarian .",vegetarian EOS_Z1,vegeetarian mahal EOS_Z1,there are no vegetarian restaurants in the area_SLOT .,tidak ada restoran yang cocok dengan permintaanmu . apakah kamu ingin restoran yang lain ?,14,16,True
589,0,"hai , saya sedang mencari tempat dengan makanan tuscan di harga apapun .",tuscan EOS_Z1,tuscan tidak peduli EOS_Z1,there are no tuscan restaurants in the city .,"saya mohon maaf , tidak ada restoran tuscan yang terdaftar . apakah anda mau mencoba sesuatu hal yang lain ?",14,21,True
599,0,saya menginginkan restoran yang murah di bagian barat dari kota . apa alamat dan nomor teleponnya ?,cheap EOS_Z1,murah barat EOS_Z1 address phone,there are no restaurants in the cheap price range .,"saya menemukan dua yang sesuai . pertama , name_SLOT di address_SLOT dengan nomor telepon phone_SLOT . yang kedua menyediakan makanan food_SLOT di address_SLOT dengan nomor telepon phone_SLOT",18,28,True
618,0,bisakah kamu memberi tahu saya apakah ada sebuah restoran dengan harga yang menengah yang menyediakan makanan spanyol di mana saja di kota ?,di EOS_Z1,spanyol menengah tidak peduli EOS_Z1,there are no di restaurants in the area_SLOT .,name_SLOT menyediakan makanan spanyol dan terletak di daerah area_SLOT kota dan berada di kisaran harga yang menengah .,24,19,True
659,0,saya ingin sebuah restoran di daerah manapun yang menyediakan makanan skandinavia,menyediakan EOS_Z1,skandinavia tidak peduli EOS_Z1,there are no menyediakan restaurants in the city .,tidak ada restoran yang menyediakan makanan skandinavia yang tersedia . apakah ada restoran lain yang ingin kamu coba ?,12,20,True
592,0,"halo , saya mencari restoran di selatan kota yang menyajikan makanan internasional .",makanan EOS_Z1,internasional selatan EOS_Z1,there are no makanan restaurants . would you like their location ?,"saya mohon maaf , tidak ada restoran makanan internasional di bagian selatan dari kota . apakah anda ingin tipe makanan yang lain ?",14,24,True
585,0,saya sedang mencari sebuah restoran yang berada di rentang harga menengah dan berada di bagian barat kota .,barat EOS_Z1,menengah barat EOS_Z1,there are no barat restaurants in the city .,apakah anda memiliki tipe makanan tertentu di pikiran anda hari ini ?,19,13,True
559,0,bisakah anda merekomendasikan restoran yang menyediakan makanan perancis ? tolong jangan terlalu mahal .,terlalu EOS_Z1,perancis menengah EOS_Z1,there are no terlalu restaurants in the city .,tidak ada restoran perancis yang sesuai dengan permintaan anda . bisakah saya membantu anda dengan hal lain ?,15,19,True
626,0,saya mencari sebuah restoran meksiko di bagian selatan kota .,selatan EOS_Z1,meksiko selatan EOS_Z1,there are no selatan restaurants in the city .,name_SLOT terletak di bagian selatan kota dan berada di kisaran harga yang pricerange_SLOT . apakah kamu menginginkan informasi tambahan ?,11,21,True
550,0,carikan saya restoran mahal yang menyediakan makanan internasional .,makanan EOS_Z1,internasional mahal EOS_Z1,there are no makanan restaurants in the city .,maafkan saya . saya tidak bisa menemukan restoran apapun yang menyediakan makanan internasional di kisaran harga yang mahal .,10,20,True
650,0,sebuah restoran di bagian utara kota,utara EOS_Z1,utara EOS_Z1,there are no utara restaurants .,apakah kamu memiliki preferensi kisaran harga ? kami memiliki beberapa restoran di bagian utara kota,7,16,True
602,0,saya mencari sebuah restoran india di wilayah selatan kota .,selatan EOS_Z1,india selatan EOS_Z1,there are no selatan restaurants in the city .,kisaran harga berapa yang ingin kamu cari ?,11,9,True
558,0,tolong sarankan saya restoran venesia dengan harga yang menengah .,yang EOS_Z1,venetia menengah EOS_Z1,there are no yang restaurants in the city .,saya mohon maaf . tidak ada restoran yang memenuhi kriteria tersebut . apakah anda ingin mencoba suatu hal lain ?,11,21,True
593,0,saya sedang mencari restoran makanan polandia dengan harga yang menengah .,yang EOS_Z1,polandia menengah EOS_Z1,there are no yang restaurants in the city .,"saya mohon maaf , tapi tidak ada restoran polandia yang menengah . haruskah saya memeriksa rentang harga atau tipe makanan yang lain ?",12,24,True
633,0,"halo , saya ingin mencari sebuah restoran kanton yang mahal .",yang EOS_Z1,kanton mahal EOS_Z1,there are no yang restaurants in the city .,tidak ada restoran di daerah itu yang cocok dengan preferensimu . apakah ada hal lain yang menarik perhatianmu ?,12,20,True
572,0,saya sedang mencari restoran yang mahal di bagian selatan .,bagian EOS_Z1,mahal selatan EOS_Z1,there are no bagian restaurants in the city .,"hai ! kami memiliki restoran food_SLOT , food_SLOT , food_SLOT , dan food_SLOT yang sesuai dengan tagihan tersebut . apakah anda memiliki preferensi ?",11,25,True
581,0,"halo , saya mencari restoran di pusat kota yang menyajikan makanan brazil .",makanan EOS_Z1,brasil pusat EOS_Z1,there are no makanan restaurants . would you like their location ?,tidak ada restoran yang seuai dengan permintaan anda .,14,10,True
555,0,saya ingin meminta restoran mahal yang menyediakan makanan vegetarian,makanan EOS_Z1,vegeetarian mahal EOS_Z1,there are no makanan restaurants in the area_SLOT .,tidak ada restoran vegetarian yang mahal . apakah kamu ingin masakan atau kisaran harga yang berbeda ?,10,18,True
638,0,saya mencari sebuah restoran jepang dengan harga yang menengah .,yang EOS_Z1,jepang menengah EOS_Z1,there are no yang restaurants in the city .,"maafkan saya , tetapi tidak ada restoran yang menyediakan makanan jepang di kisaran harga yang menengah . apakah kamu ingin mencoba jenis makanan yang lain atau kisaran harga yang lain ?",11,32,True
619,1,tidak ada restoran yang sesuai dengan permintaan anda . apakah ada hal lain yang ingin anda cari ? EOS_M bagaimana dengan makanan oriental asia ?,oriental oriental EOS_Z1,oriental asia utara EOS_Z1,name_SLOT is a oriental food .,"name_SLOT menyediakan makanan oriental asia dan mereka berlokasi di utara , meski mereka lumayan pricerange_SLOT . apakah anda ingin alamatnya ?",26,22,True
616,1,"maafkan saya , kami tidak memiliki restoran swiss manapun yang tersedia . apakah kamu ingin untuk mencoba jenis makanan yang lain ? EOS_M saya ingin mencoba makanan vietnam",makanan EOS_Z1,vietnam EOS_Z1,name_SLOT is a nice restaurant in the area_SLOT area .,name_SLOT adalah sebuah restoran vietnam yang bagus dengan kisaran harga yang pricerange_SLOT,29,13,True
663,1,terdapat dua restoran yang menyediakan makanan spanyol di kisaran harga yang pricerange_SLOT dan pricerange_SLOT . kisaran harga manakah yang kamu inginkan ? EOS_M saya mencari sebuah restoran di daerah manapun yang menyediakan makanan lebanon .,makanan EOS_Z1,tidak peduli lebanon EOS_Z1,name_SLOT is a nice restaurant in the area_SLOT part of town .,name_SLOT menyediakan makanan lebanon . apakah kamu menginginkan informasi lokasinya ?,36,12,True
542,1,name_SLOT terletak di bagian utara dari kota . name_SLOT juga terletak di bagian utara dari kota . EOS_M saya ingin sebuah restoran dengan harga yang menengah .,dari EOS_Z1,menengah utara EOS_Z1,name_SLOT is in the area_SLOT .,"name_SLOT berlokasi di bagian utara dari kota , dan memiliki harga yang menengah .",28,15,True
647,1,"tidak ada restoran yang cocok dengan permintaanmu . apakah kamu ingin restoran yang lain ? EOS_M iya , sebagai gantinya bagaimana dengan makanan eropa .",vegetarian EOS_Z1,eropa mahal EOS_Z1,name_SLOT is a nice vegetarian restaurant in the area_SLOT .,name_SLOT adalah sebuah restoran bagus yang menyajikan eropa jika kamu ingin sesuatu di daerah area_SLOT .,26,17,True
589,1,"saya mohon maaf , tidak ada restoran tuscan yang terdaftar . apakah anda mau mencoba sesuatu hal yang lain ? EOS_M bagaimana kalau restoran korea ?",tuscan EOS_Z1,korea tidak peduli EOS_Z1,name_SLOT is a nice restaurant in the area_SLOT .,name_SLOT adalah restoran korea .,27,6,True
599,1,"saya menemukan dua yang sesuai . pertama , name_SLOT di address_SLOT dengan nomor telepon phone_SLOT . yang kedua menyediakan makanan food_SLOT di address_SLOT dengan nomor telepon phone_SLOT EOS_M apakah ada hal lain , jika ada berikan alamat dan nomor teleponnya .",cheap EOS_Z1,murah barat EOS_Z1 address phone,name_SLOT is a nice restaurant .,hanya itu daftar di bagian barat dari kota . apakah anda ingin mengganti lokasi atau rentang harganya ?,42,19,True
618,1,"name_SLOT menyediakan makanan spanyol dan terletak di daerah area_SLOT kota dan berada di kisaran harga yang menengah . EOS_M apa alamat , nomor , dan areanya ?",di EOS_Z1,spanyol menengah tidak peduli EOS_Z1 address area phone,name_SLOT is in the area_SLOT .,alamat mereka adalah address_SLOT di daerah area_SLOT . nomor telepon mereka adalah phone_SLOT . dapatkah saya membantu dengan hal yang lain ?,28,23,True
659,1,tidak ada restoran yang menyediakan makanan skandinavia yang tersedia . apakah ada restoran lain yang ingin kamu coba ? EOS_M bagaimana dengan perancis ?,menyediakan EOS_Z1,perancis tidak peduli EOS_Z1,name_SLOT is in the area_SLOT part of town .,name_SLOT menyediakan makanan perancis . apakah kamu menginginkan informasi lokasinya ?,25,12,True
592,1,"saya mohon maaf , tidak ada restoran makanan internasional di bagian selatan dari kota . apakah anda ingin tipe makanan yang lain ? EOS_M bagaimana dengan makanan cina ?",makanan EOS_Z1,cina selatan EOS_Z1,name_SLOT is in the area_SLOT part of town .,"ini dia name_SLOT , yang pricerange_SLOT , name_SLOT , yang juga pricerange_SLOT dan name_SLOT , yang pricerange_SLOT .",30,19,True
585,1,apakah anda memiliki tipe makanan tertentu di pikiran anda hari ini ? EOS_M tipe makanan apapun tidak masalah selama harganya yang menengah dan berada di bagian barat dari kota .,barat EOS_Z1,tidak peduli menengah barat EOS_Z1,there are no restaurants in the area_SLOT .,name_SLOT adalah restoran food_SLOT di bagian barat dari kota dan memiliki rentang harga yang menengah .,31,17,True
559,1,tidak ada restoran perancis yang sesuai dengan permintaan anda . bisakah saya membantu anda dengan hal lain ? EOS_M bagaimana kalau restoran perancis dengan harga apapun ?,terlalu EOS_Z1,perancis tidak peduli EOS_Z1,name_SLOT is a nice restaurant in the area_SLOT .,name_SLOT adalah restoran perancis di bagian area_SLOT dari kota dengan rentang harga yang pricerange_SLOT .,28,16,True
626,1,name_SLOT terletak di bagian selatan kota dan berada di kisaran harga yang pricerange_SLOT . apakah kamu menginginkan informasi tambahan ? EOS_M berapa nomor telepon dan kisaran harga,selatan EOS_Z1,meksiko selatan EOS_Z1 phone pricerange,name_SLOT is a nice restaurant in the area_SLOT .,name_SLOT itu pricerange_SLOT . nomor telepon mereka adalah phone_SLOT . adakah hal lain yang dapat saya bantu untukmu ?,28,20,True
550,1,maafkan saya . saya tidak bisa menemukan restoran apapun yang menyediakan makanan internasional di kisaran harga yang mahal . EOS_M inggris .,makanan EOS_Z1,inggris mahal EOS_Z1,name_SLOT is in the area_SLOT part of town .,"name_SLOT menyediakan makanan inggris , terletak di daerah area_SLOT kota dan berada di kisaran harga yang mahal .",23,19,True
650,1,apakah kamu memiliki preferensi kisaran harga ? kami memiliki beberapa restoran di bagian utara kota EOS_M saya tidak peduli tentang kisaran harga tetapi ingin tempat yang menyediakan makanan india .,utara EOS_Z1,tidak peduli india utara EOS_Z1,name_SLOT is a nice restaurant in the area_SLOT part of town .,terdapat restoran india yang cukup pricerange_SLOT bernama name_SLOT di bagian utara kota .,31,14,True
602,1,kisaran harga berapa yang ingin kamu cari ? EOS_M saya tidak peduli . apa yang sudah kamu temukan ?,selatan EOS_Z1,tidak peduli india selatan EOS_Z1,name_SLOT is a nice restaurant in the area_SLOT part of town .,terdapat name_SLOT . apakah kamu ingin informasinya ?,20,9,True
558,1,"saya mohon maaf . tidak ada restoran yang memenuhi kriteria tersebut . apakah anda ingin mencoba suatu hal lain ? EOS_M baik , bagaimana kalau restoran yang menyediakan makanan bertipe pub gastronomi ?",yang EOS_Z1,pub gastronomi menengah EOS_Z1,name_SLOT is a nice restaurant in the area_SLOT .,terdapat satu restoran pub gastronomi dengan harga yang menengah di bagian area_SLOT dari kota bernama name_SLOT .,34,18,True
593,1,"saya mohon maaf , tapi tidak ada restoran polandia yang menengah . haruskah saya memeriksa rentang harga atau tipe makanan yang lain ? EOS_M iya , bisakah anda memeriksa restoran turki ?",yang EOS_Z1,turki menengah EOS_Z1,name_SLOT is a nice restaurant in the area_SLOT .,terdapat dua hasil . restoran name_SLOT dan name_SLOT memiliki makanan turki dengan rentang harga yang menengah . apakah ada hal lain yang bisa saya bantu ?,33,27,True
633,1,tidak ada restoran di daerah itu yang cocok dengan preferensimu . apakah ada hal lain yang menarik perhatianmu ? EOS_M bagaimana dengan makanan amerika utara ?,yang EOS_Z1,amerika utara mahal EOS_Z1,name_SLOT is a nice restaurant in the area_SLOT .,"name_SLOT menyediakan makanan amerika utara , berada di kisaran harga yang mahal , dan berada di bagian utara kota . apakah kamu menginginkan nomor teleponnya ?",27,27,True
572,1,"hai ! kami memiliki restoran food_SLOT , food_SLOT , food_SLOT , dan food_SLOT yang sesuai dengan tagihan tersebut . apakah anda memiliki preferensi ? EOS_M saya tidak memiliki preferensi apapun .",bagian EOS_Z1,tidak peduli mahal selatan EOS_Z1,name_SLOT is a nice restaurant in the area_SLOT .,name_SLOT berlokasi di bagian selatan kota dan harganya mahal .,32,11,True
581,1,tidak ada restoran yang seuai dengan permintaan anda . EOS_M apakah anda dapat mencari makanan oriental asia ?,oriental oriental EOS_Z1,oriental asia pusat EOS_Z1,name_SLOT is a nice oriental food .,name_SLOT adalha sebuah restoran oriental asia di bagian pusat dari kota .,19,13,True
555,1,tidak ada restoran vegetarian yang mahal . apakah kamu ingin masakan atau kisaran harga yang berbeda ? EOS_M sebuah restoran yang menyediakan makanan inggris boleh .,makanan EOS_Z1,inggris mahal EOS_Z1,name_SLOT is a nice restaurant in the area_SLOT area .,"name_SLOT adalah sebuah restoran yang mahal yang menyediakan makanan inggris , apakah kamu menginginkan alamat atau nomor telepon mereka ?",27,21,True
638,1,"maafkan saya , tetapi tidak ada restoran yang menyediakan makanan jepang di kisaran harga yang menengah . apakah kamu ingin mencoba jenis makanan yang lain atau kisaran harga yang lain ? EOS_M bagaimana kalau makanan eropa modern modern ?",modern modern modern EOS_Z1,eropa modern menengah EOS_Z1,name_SLOT serves modern modern modern .,terdapat tiga restoran yang menyediakan makanan eropa modern dan berada di kisaran harga yang menengah . apakah kamu ingin daerah area_SLOT atau bagian area_SLOT kota ?,40,27,True
619,2,"name_SLOT menyediakan makanan oriental asia dan mereka berlokasi di utara , meski mereka lumayan pricerange_SLOT . apakah anda ingin alamatnya ? EOS_M ya , saya ingin tahu alamat dan nomor teleponnya .",oriental oriental EOS_Z1,oriental asia utara EOS_Z1 address phone,name_SLOT is a nice oriental food .,alamat dari name_SLOT adalah address_SLOT dan nomor teleponnya adalah phone_SLOT,33,11,True
616,2,name_SLOT adalah sebuah restoran vietnam yang bagus dengan kisaran harga yang pricerange_SLOT EOS_M apa alamat nya ?,makanan EOS_Z1,vietnam EOS_Z1 address,name_SLOT is in the makanan .,address_SLOT .,18,3,True
663,2,"name_SLOT menyediakan makanan lebanon . apakah kamu menginginkan informasi lokasinya ? EOS_M iya tolong , saya ingin alamat dan nomor telepon .",makanan EOS_Z1,lebanon tidak peduli EOS_Z1 address phone,name_SLOT is a nice restaurant in the area_SLOT .,nomor telepon dari name_SLOT adalah phone_SLOT dan alamat mereka adalah address_SLOT . adakah hal lain yang dapat saya bantu hari ini ?,23,23,True
542,2,"name_SLOT berlokasi di bagian utara dari kota , dan memiliki harga yang menengah . EOS_M apa alamat dan nomor mereka ?",dari EOS_Z1,menengah utara EOS_Z1 address phone,name_SLOT is in the dari .,alamat untuk name_SLOT adalah address_SLOT dan nomornya adalah phone_SLOT .,22,11,True
647,2,name_SLOT adalah sebuah restoran bagus yang menyajikan eropa jika kamu ingin sesuatu di daerah area_SLOT . EOS_M bisakah saya memiliki nomor telepon dan alamat mereka ?,vegetarian EOS_Z1,eropa mahal EOS_Z1 address phone,name_SLOT is in the area_SLOT .,name_SLOT berlokasi di address_SLOT dan nomornya adalah phone_SLOT .,27,10,True
589,2,name_SLOT adalah restoran korea . EOS_M tolong nomornya,tuscan EOS_Z1,korea tidak peduli EOS_Z1 phone,name_SLOT is in the area_SLOT .,nomor telepon mereka adalah phone_SLOT apakah ada hal lain yang bisa saya bantu ?,9,15,True
599,2,hanya itu daftar di bagian barat dari kota . apakah anda ingin mengganti lokasi atau rentang harganya ? EOS_M tidak terima kasih .,cheap EOS_Z1,murah barat EOS_Z1,name_SLOT is a cheap restaurant in the area_SLOT .,adakah hal lain yang dapat saya bantu ?,24,9,True
618,2,"alamat mereka adalah address_SLOT di daerah area_SLOT . nomor telepon mereka adalah phone_SLOT . dapatkah saya membantu dengan hal yang lain ? EOS_M tidak itu saja , terimakasih",di EOS_Z1,spanyol menengah tidak peduli EOS_Z1,name_SLOT is a nice di restaurant .,terimakasih telah memilih sistem kami . selamat tinggal,29,9,True
659,2,"name_SLOT menyediakan makanan perancis . apakah kamu menginginkan informasi lokasinya ? EOS_M jika kamu bisa memberikan saya nomor teleponnya , itu akan sangat bagus .",menyediakan EOS_Z1,perancis tidak peduli EOS_Z1 phone,name_SLOT is a nice restaurant in the area_SLOT .,nomor telepon dari name_SLOT adalah phone_SLOT . ada lagi kah yang bisa saya bantu ?,26,16,True
592,2,"ini dia name_SLOT , yang pricerange_SLOT , name_SLOT , yang juga pricerange_SLOT dan name_SLOT , yang pricerange_SLOT . EOS_M dapatkah saya mendapatkan alamat dari lucky star ?",makanan EOS_Z1,cina selatan EOS_Z1 address,name_SLOT is in the makanan .,address_SLOT phone_SLOT,28,3,True
585,2,"name_SLOT adalah restoran food_SLOT di bagian barat dari kota dan memiliki rentang harga yang menengah . EOS_M bagus , bisakah saya memiliki alamat dan kode posnya .",barat EOS_Z1,tidak peduli menengah barat EOS_Z1 address postcode,name_SLOT is a nice restaurant in the area_SLOT .,"name_SLOT berlokasi di address_SLOT , dan kode posnya adalah postcode_SLOT . bisakah saya membantu dalam hal lain ?",28,19,True
559,2,name_SLOT adalah restoran perancis di bagian area_SLOT dari kota dengan rentang harga yang pricerange_SLOT . EOS_M bisakah anda memberikan saya alamat dan nomor teleponnya,terlalu EOS_Z1,perancis tidak peduli EOS_Z1 address phone,name_SLOT is a nice restaurant in the area_SLOT .,nomor telepon dari name_SLOT adalah phone_SLOT dan berlokasi address_SLOT . apakah ada lagi yang bisa saya bantu untuk hari ini ?,25,22,True
626,2,name_SLOT itu pricerange_SLOT . nomor telepon mereka adalah phone_SLOT . adakah hal lain yang dapat saya bantu untukmu ? EOS_M saya ingin alamatnya tolong .,selatan EOS_Z1,meksiko selatan EOS_Z1 address,name_SLOT is in the area_SLOT .,alamatnya adalah address_SLOT .,26,5,True
550,2,"name_SLOT menyediakan makanan inggris , terletak di daerah area_SLOT kota dan berada di kisaran harga yang mahal . EOS_M apa nomornya ?",makanan EOS_Z1,inggris mahal EOS_Z1 phone,name_SLOT is in the area_SLOT part of town .,itu phone_SLOT . apakah kamu menginginkan alamatnya ?,23,9,True
650,2,terdapat restoran india yang cukup pricerange_SLOT bernama name_SLOT di bagian utara kota . EOS_M apa alamat dan nomornya ?,utara EOS_Z1,india utara tidak peduli EOS_Z1 address phone,name_SLOT is in the area_SLOT .,name_SLOT berlokasi di address_SLOT dan nomor teleponnya adalah phone_SLOT . apakah ada hal lain yang dapat saya bantu ?,20,20,True
602,2,"terdapat name_SLOT . apakah kamu ingin informasinya ? EOS_M iya , tolong . nomor telepon dan alamat",selatan EOS_Z1,india tidak peduli selatan EOS_Z1 address phone,name_SLOT is a nice restaurant .,nomor mereka adalah phone_SLOT dan alamatnya adalah address_SLOT .,18,10,True
558,2,terdapat satu restoran pub gastronomi dengan harga yang menengah di bagian area_SLOT dari kota bernama name_SLOT . EOS_M mantap ! bisakah anda memberikan saya alamat dan nomor teleponnya ?,yang EOS_Z1,pub gastronomi menengah EOS_Z1 address phone,name_SLOT is in the area_SLOT part of town .,nomor telepon dan alamatnya adalah phone_SLOT address_SLOT,30,8,True
593,2,terdapat dua hasil . restoran name_SLOT dan name_SLOT memiliki makanan turki dengan rentang harga yang menengah . apakah ada hal lain yang bisa saya bantu ? EOS_M bisakah saya meminta alamat dari anatolia ?,yang EOS_Z1,turki menengah EOS_Z1 address,name_SLOT is in the area_SLOT .,"iya , alamat dari name_SLOT adalah address_SLOT .",35,9,True
633,2,"name_SLOT menyediakan makanan amerika utara , berada di kisaran harga yang mahal , dan berada di bagian utara kota . apakah kamu menginginkan nomor teleponnya ? EOS_M iya , saya ingin nomor telepon dan kodepos mereka , tolong .",yang EOS_Z1,amerika utara mahal EOS_Z1 phone postcode,name_SLOT is a nice restaurant in the area_SLOT .,nomor telepon dari name_SLOT adalah phone_SLOT dan kodeposnya adalah postcode_SLOT . dapatkah saya membantu dengan hal yang lain ?,40,20,True
572,2,name_SLOT berlokasi di bagian selatan kota dan harganya mahal . EOS_M apakah anda memiliki nomor telepon mereka ?,bagian EOS_Z1,tidak peduli mahal selatan EOS_Z1 phone,name_SLOT is in the bagian .,nomor teleponnya adalah phone_SLOT .,19,6,True
581,2,name_SLOT adalha sebuah restoran oriental asia di bagian pusat dari kota . EOS_M apa nomornya ?,oriental oriental EOS_Z1,oriental asia pusat EOS_Z1 phone,name_SLOT is in the area_SLOT part of town .,nomor telepon dari name_SLOT adalah phone_SLOT . ada lagi kah yang bisa saya bantu ?,17,16,True
555,2,"name_SLOT adalah sebuah restoran yang mahal yang menyediakan makanan inggris , apakah kamu menginginkan alamat atau nomor telepon mereka ? EOS_M dapatkah anda meberitahu saya nomor telepon milik graffiti ?",makanan EOS_Z1,inggris mahal EOS_Z1 phone,name_SLOT is a nice restaurant in the area_SLOT part of town .,nomornya adalah phone_SLOT .,31,5,True
638,2,"terdapat tiga restoran yang menyediakan makanan eropa modern dan berada di kisaran harga yang menengah . apakah kamu ingin daerah area_SLOT atau bagian area_SLOT kota ? EOS_M saya tidak mempunyai pilihan , mohon sarannya .",modern modern modern EOS_Z1,eropa modern tidak peduli menengah EOS_Z1,name_SLOT is a nice modern modern modern modern .,name_SLOT menyediakan makanan eropa modern dan berada di kisaran harga yang menengah . nomor telepon mereka adalah phone_SLOT dan mereka terletak di address_SLOT .,36,25,True
619,3,alamat dari name_SLOT adalah address_SLOT dan nomor teleponnya adalah phone_SLOT EOS_M terima kasih sampai jumpa .,oriental oriental EOS_Z1,oriental asia utara EOS_Z1,you 're welcome .,terima kasih dan sampai jumpa,17,6,True
616,3,address_SLOT . EOS_M baiklah terimakasih . selamat tinggal .,makanan EOS_Z1,vietnam EOS_Z1,you 're welcome .,terima kasih sudah menggunakan sistem kami . sampai jumpa,10,10,True
663,3,"nomor telepon dari name_SLOT adalah phone_SLOT dan alamat mereka adalah address_SLOT . adakah hal lain yang dapat saya bantu hari ini ? EOS_M terimakasih . tidak , itu saja yang saya butuhkan . selamat tinggal !",makanan EOS_Z1,lebanon tidak peduli EOS_Z1,you 're welcome . good bye .,"terimakasih telah menggunakan sistem restoran cambridge , selamat tinggal .",37,11,True
542,3,alamat untuk name_SLOT adalah address_SLOT dan nomornya adalah phone_SLOT . EOS_M terima kasih sampai jumpa .,dari EOS_Z1,menengah utara EOS_Z1,you 're welcome .,sampai jumpa .,17,4,True
647,3,name_SLOT berlokasi di address_SLOT dan nomornya adalah phone_SLOT . EOS_M terima kasih sampai jumpa,vegetarian EOS_Z1,eropa mahal EOS_Z1,you 're welcome .,senang kami bisa membantu !,15,6,True
589,3,"nomor telepon mereka adalah phone_SLOT apakah ada hal lain yang bisa saya bantu ? EOS_M tidak . terima kasih , sampai jumpa .",tuscan EOS_Z1,korea tidak peduli EOS_Z1,name_SLOT is a nice tuscan restaurant in the area_SLOT .,terima kasih . sampai jumpa .,24,7,True
599,3,"adakah hal lain yang dapat saya bantu ? EOS_M tidak , itu sudah cukup . terima kasih atas bantuannya .",cheap EOS_Z1,murah barat EOS_Z1,name_SLOT is a cheap restaurant in the cheap price range .,terima kasih banyak sudah menggunakan sistem restoran cambridge .,21,10,True
618,3,terimakasih telah memilih sistem kami . selamat tinggal EOS_M terimakasih lagi !,di EOS_Z1,spanyol menengah tidak peduli EOS_Z1,name_SLOT is a nice restaurant in the area_SLOT .,sampai jumpa,13,3,True
659,3,"nomor telepon dari name_SLOT adalah phone_SLOT . ada lagi kah yang bisa saya bantu ? EOS_M tidak , terimakasih , itu saja . terimakasih dan selamat tinggal !",menyediakan EOS_Z1,perancis tidak peduli EOS_Z1,you 're welcome .,sampai jumpa .,29,4,True
592,3,address_SLOT phone_SLOT EOS_M terima kasih !,makanan EOS_Z1,cina selatan EOS_Z1,you 're welcome .,terima kasih . sampai jumpa,7,6,True
585,3,"name_SLOT berlokasi di address_SLOT , dan kode posnya adalah postcode_SLOT . bisakah saya membantu dalam hal lain ? EOS_M terima kasih sampai jumpa .",barat EOS_Z1,tidak peduli menengah barat EOS_Z1,name_SLOT is in the area_SLOT .,terima kasih sampai jumpa .,25,6,True
559,3,nomor telepon dari name_SLOT adalah phone_SLOT dan berlokasi address_SLOT . apakah ada lagi yang bisa saya bantu untuk hari ini ? EOS_M terima kasih . itu semua yang perlu saya ketahui . selamat tinggal .,terlalu EOS_Z1,perancis tidak peduli EOS_Z1,you 're welcome .,sama sama . sampai jumpa .,36,7,True
626,3,alamatnya adalah address_SLOT . EOS_M baiklah terimakasih . itu saja untuk hari ini .,selatan EOS_Z1,meksiko selatan EOS_Z1,you 're welcome .,terima kasih dan sampai jumpa .,15,7,True
550,3,"itu phone_SLOT . apakah kamu menginginkan alamatnya ? EOS_M tidak , anda telah menutupi semuanya , saya percaya . terimakasih atas bantuanmu .",makanan EOS_Z1,inggris mahal EOS_Z1,name_SLOT is a nice restaurant in the area_SLOT area .,sama sama .,24,4,True
650,3,"name_SLOT berlokasi di address_SLOT dan nomor teleponnya adalah phone_SLOT . apakah ada hal lain yang dapat saya bantu ? EOS_M tidak , itu saja yang saya butuhkan . terimakasih . selamat tinggal .",utara EOS_Z1,india utara tidak peduli EOS_Z1,you 're welcome .,terima kasih .,34,4,True
602,3,nomor mereka adalah phone_SLOT dan alamatnya adalah address_SLOT . EOS_M terimakasih . selamat tinggal .,selatan EOS_Z1,india tidak peduli selatan EOS_Z1,you 're welcome . goodbye .,sama sama . sampai jumpa .,16,7,True
558,3,nomor telepon dan alamatnya adalah phone_SLOT address_SLOT EOS_M terima kasih sampai jumpa .,yang EOS_Z1,pub gastronomi menengah EOS_Z1,you 're welcome .,"semoga hari anda menyenangkan ! terima kasih , sampai jumpa .",14,12,True
593,3,"iya , alamat dari name_SLOT adalah address_SLOT . EOS_M terima kasih",yang EOS_Z1,turki menengah EOS_Z1,you 're welcome .,terima kasih .,12,4,True
633,3,"nomor telepon dari name_SLOT adalah phone_SLOT dan kodeposnya adalah postcode_SLOT . dapatkah saya membantu dengan hal yang lain ? EOS_M tidak , terimakasih untuk informasinya . selamat tinggal .",yang EOS_Z1,amerika utara mahal EOS_Z1,you 're welcome .,"sama -sama , sampai jumpa .",30,7,True
572,3,nomor teleponnya adalah phone_SLOT . EOS_M semoga anda memiliki sore yang baik .,bagian EOS_Z1,tidak peduli mahal selatan EOS_Z1,you 're welcome .,selamat malam .,14,4,True
581,3,nomor telepon dari name_SLOT adalah phone_SLOT . ada lagi kah yang bisa saya bantu ? EOS_M tidak terima kasih sampai jumpa,oriental oriental EOS_Z1,oriental asia pusat EOS_Z1,name_SLOT is a nice oriental food .,terima kasih telah menggunakan sistem ini dan tolong hubungi kembali . selamat tinggal .,22,15,True
555,3,nomornya adalah phone_SLOT . EOS_M terima kasih sampai jumpa .,makanan EOS_Z1,inggris mahal EOS_Z1,you 're welcome .,sama sama . sampai jumpa .,11,7,True
638,3,name_SLOT menyediakan makanan eropa modern dan berada di kisaran harga yang menengah . nomor telepon mereka adalah phone_SLOT dan mereka terletak di address_SLOT . EOS_M terima kasih . sampai jumpa .,modern modern modern EOS_Z1,eropa modern menengah tidak peduli EOS_Z1,you 're welcome .,sama sama . terimakasih telah menggunakan sistem .,32,9,True
